-96.0
-96.0
-96.0
-112.0
-128.0
-152.0
-160.0
-184.0
-184.0
-196.0
-204.0
-220.0
-220.0
-220.0
-220.0
-228.0
-246.0
-262.0
-262.0
-276.0
-276.0
-282.0
-282.0
-282.0
-282.0
-298.0
-316.0
-324.0
-340.0
-340.0
-356.0
-356.0
-356.0
-372.0
-372.0
-372.0
-372.0
-372.0
-372.0
-380.0
-380.0
-380.0
-396.0
-404.0
-426.0
-426.0
-442.0
-458.0
-476.0
-476.0
-476.0
-492.0
-508.0
-508.0
-508.0
-508.0
-524.0
-524.0
-524.0
-524.0
-524.0
-532.0
-532.0
-532.0
-546.0
-546.0
-562.0
-578.0
-578.0
-578.0
-594.0
-594.0
-594.0
-594.0
-594.0
-594.0
-594.0
-594.0
-594.0
-594.0
-610.0
-634.0
-634.0
-634.0
-642.0
-642.0
-658.0
-658.0
-658.0
-658.0
-674.0
-674.0
-674.0
-682.0
-690.0
-690.0
-706.0
-722.0
-722.0
-730.0
-730.0
-754.0
-754.0
-760.0
-768.0
-768.0
-768.0
-796.0
-796.0
-808.0
-802.0
-802.0
-818.0
-818.0
-818.0
-818.0
-818.0
-820.0
-820.0
-820.0
-820.0
-820.0
-820.0
-828.0
-828.0
-828.0
-826.0
-826.0
-826.0
-826.0
-826.0
-826.0
-826.0
-826.0
-826.0
-826.0
-826.0
-826.0
-826.0
-826.0
-850.0
-850.0
-852.0
-852.0
-852.0
-862.0
-882.0
-888.0
-890.0
-910.0
-910.0
-910.0
-920.0
-920.0
-922.0
-924.0
-924.0
-924.0
-930.0
-930.0
-932.0
-932.0
-926.0
-952.0
-956.0
-956.0
-978.0
-978.0
-978.0
-978.0
-982.0
-982.0
-974.0
-974.0
-974.0
-974.0
-974.0
-974.0
-990.0
-990.0
-998.0
-1004.0
-1004.0
-1004.0
-1004.0
-1004.0
-1014.0
-1014.0
-1014.0
-1014.0
-1014.0
-1014.0
-1038.0
-1042.0
-1050.0
-1050.0
-1062.0
-1062.0
-1064.0
-1064.0
-1064.0
-1064.0
-1064.0
-1064.0
-1074.0
-1074.0
-1082.0
-1100.0
-1100.0
-1100.0
-1100.0
-1100.0
-1100.0
-1100.0
-1108.0
-1108.0
-1108.0
-1108.0
-1108.0
-1120.0
-1112.0
-1112.0
-1128.0
-1128.0
-1128.0
-1128.0
-1120.0
-1120.0
-1120.0
-1120.0
-1120.0
-1132.0
-1156.0
-1148.0
-1172.0
-1188.0
-1196.0
-1196.0
-1204.0
-1220.0
-1220.0
-1220.0
-1228.0
-1224.0
-1224.0
-1228.0
-1220.0
-1220.0
-1220.0
-1236.0
-1234.0
-1244.0
-1244.0
-1244.0
-1248.0
-1248.0
-1248.0
-1272.0
-1288.0
-1280.0
-1288.0
-1288.0
-1288.0
-1288.0
-1288.0
-1288.0
-1288.0
-1288.0
-1288.0
-1288.0
-1288.0
-1296.0
-1304.0
-1304.0
-1304.0
-1304.0
-1310.0
-1310.0
-1310.0
-1310.0
-1302.0
-1310.0
-1310.0
-1310.0
-1302.0
-1302.0
-1302.0
-1302.0
-1310.0
-1310.0
-1310.0
-1310.0
-1310.0
-1318.0
-1318.0
-1336.0
-1336.0
-1336.0
-1352.0
-1362.0
-1362.0
-1362.0
-1360.0
-1368.0
-1366.0
-1370.0
-1362.0
-1362.0
-1362.0
-1378.0
-1378.0
-1374.0
-1374.0
-1384.0
-1384.0
-1386.0
-1398.0
-1398.0
-1398.0
-1394.0
-1394.0
-1398.0
-1390.0
-1390.0
-1390.0
-1398.0
-1398.0
-1398.0
-1398.0
-1414.0
-1414.0
-1414.0
-1416.0
-1416.0
-1416.0
-1416.0
-1416.0
-1428.0
-1428.0
-1428.0
-1420.0
-1420.0
-1420.0
-1436.0
-1436.0
-1436.0
-1460.0
-1462.0
-1462.0
-1468.0
-1470.0
-1470.0
-1470.0
-1462.0
-1480.0
-1474.0
-1474.0
-1474.0
-1490.0
-1490.0
-1490.0
-1490.0
-1490.0
-1490.0
-1482.0
-1482.0
-1482.0
-1482.0
-1490.0
-1490.0
-1490.0
-1490.0
-1490.0
-1490.0
-1498.0
-1514.0
-1510.0
-1516.0
-1518.0
-1518.0
-1518.0
-1510.0
-1510.0
-1510.0
-1510.0
-1510.0
-1510.0
-1510.0
-1526.0
-1526.0
-1526.0
-1526.0
-1526.0
-1526.0
-1526.0
-1542.0
-1536.0
-1542.0
-1534.0
-1534.0
-1550.0
-1550.0
-1550.0
-1542.0
-1542.0
-1542.0
-1542.0
-1542.0
-1542.0
-1542.0
-1542.0
-1558.0
-1558.0
-1558.0
-1558.0
-1558.0
-1558.0
-1566.0
-1566.0
-1566.0
-1566.0
-1566.0
-1566.0
-1574.0
-1574.0
-1566.0
-1566.0
-1566.0
-1574.0
-1574.0
-1574.0
-1574.0
-1566.0
-1566.0
-1566.0
-1566.0
-1590.0
-1590.0
-1590.0
-1590.0
-1582.0
-1598.0
-1598.0
-1590.0
-1594.0
-1596.0
-1596.0
-1598.0
-1598.0
-1590.0
-1608.0
-1608.0
-1600.0
-1608.0
-1608.0
-1608.0
-1608.0
-1616.0
-1616.0
-1624.0
-1624.0
-1624.0
-1624.0
-1624.0
-1624.0
-1624.0
-1640.0
-1640.0
-1640.0
-1640.0
-1654.0
-1646.0
-1646.0
-1646.0
-1646.0
-1654.0
-1666.0
-1666.0
-1666.0
-1664.0
-1664.0
-1666.0
-1674.0
-1666.0
-1666.0
-1666.0
-1682.0
-1682.0
-1674.0
-1674.0
-1690.0
-1690.0
-1690.0
-1690.0
-1684.0
-1684.0
-1692.0
-1696.0
-1696.0
-1696.0
-1696.0
-1698.0
-1698.0
-1698.0
-1690.0
-1696.0
-1696.0
-1700.0
-1708.0
-1708.0
-1708.0
-1708.0
-1708.0
-1708.0
-1716.0
-1708.0
-1716.0
-1716.0
-1716.0
-1732.0
-1732.0
-1740.0
-1744.0
-1744.0
-1736.0
-1736.0
-1736.0
-1736.0
-1748.0
-1748.0
-1748.0
-1748.0
-1756.0
-1756.0
-1764.0
-1764.0
-1772.0
-1772.0
-1788.0
-1788.0
-1788.0
-1788.0
-1788.0
-1780.0
-1780.0
-1780.0
-1780.0
-1780.0
-1780.0
-1780.0
-1788.0
-1788.0
-1788.0
-1788.0
-1788.0
-1786.0
-1788.0
-1788.0
-1788.0
-1780.0
-1780.0
-1786.0
-1780.0
-1780.0
-1780.0
-1780.0
-1780.0
-1796.0
-1796.0
-1788.0
-1788.0
-1788.0
-1788.0
-1788.0
-1812.0
-1812.0
-1810.0
-1818.0
-1818.0
-1818.0
-1818.0
-1818.0
-1828.0
-1828.0
-1828.0
-1836.0
-1836.0
-1836.0
-1836.0
-1836.0
-1836.0
-1852.0
-1852.0
-1852.0
-1852.0
-1852.0
-1862.0
-1870.0
-1862.0
-1862.0
-1886.0
-1878.0
-1886.0
-1886.0
-1886.0
-1886.0
-1886.0
-1886.0
-1886.0
-1886.0
-1886.0
-1886.0
-1878.0
-1878.0
-1878.0
-1878.0
-1878.0
-1878.0
-1894.0
-1894.0
-1902.0
-1902.0
-1902.0
-1902.0
-1902.0
-1902.0
-1894.0
-1894.0
-1894.0
-1894.0
-1894.0
-1894.0
-1898.0
-1898.0
-1898.0
-1902.0
-1910.0
-1910.0
-1902.0
-1902.0
-1910.0
-1910.0
-1910.0
-1910.0
-1910.0
-1920.0
-1928.0
-1928.0
-1920.0
-1920.0
-1936.0
-1936.0
-1936.0
-1936.0
-1944.0
-1944.0
-1966.0
-1966.0
-1960.0
-1960.0
-1960.0
-1960.0
-1970.0
-1974.0
-1970.0
-1974.0
-1974.0
-1972.0
-1972.0
-1972.0
-1972.0
-1978.0
-1986.0
-1986.0
-1990.0
-1990.0
-1994.0
-1994.0
-1994.0
-1994.0
-1994.0
-1994.0
-1994.0
-2010.0
-2010.0
-2010.0
-2002.0
-2002.0
-2010.0
-2018.0
-2012.0
-2012.0
-2010.0
-2010.0
-2010.0
-2010.0
-2010.0
-2010.0
-2018.0
-2026.0
-2026.0
-2026.0
-2026.0
-2026.0
-2026.0
-2026.0
-2026.0
-2026.0
-2026.0
-2026.0
-2026.0
-2026.0
-2018.0
-2018.0
-2018.0
-2018.0
-2018.0
-2018.0
-2018.0
-2018.0
-2018.0
-2018.0
-2018.0
-2018.0
-2026.0
-2018.0
-2026.0
-2030.0
-2034.0
-2026.0
-2026.0
-2026.0
-2032.0
-2032.0
-2032.0
-2032.0
-2032.0
-2032.0
-2032.0
-2032.0
-2032.0
-2032.0
-2030.0
-2030.0
-2030.0
-2034.0
-2026.0
-2026.0
-2026.0
-2026.0
-2040.0
-2040.0
-2048.0
-2042.0
-2040.0
-2040.0
-2040.0
-2040.0
-2040.0
-2048.0
-2048.0
-2048.0
-2048.0
-2040.0
-2040.0
-2040.0
-2040.0
-2048.0
-2048.0
-2048.0
-2056.0
-2048.0
-2048.0
-2048.0
-2048.0
-2048.0
-2048.0
-2052.0
-2048.0
-2048.0
-2056.0
-2056.0
-2056.0
-2056.0
-2056.0
-2066.0
-2066.0
-2066.0
-2066.0
-2058.0
-2058.0
-2058.0
-2066.0
-2070.0
-2070.0
-2070.0
-2070.0
-2070.0
-2070.0
-2070.0
-2070.0
-2070.0
-2070.0
-2062.0
-2070.0
-2070.0
-2070.0
-2070.0
-2062.0
-2062.0
-2062.0
-2062.0
-2062.0
-2070.0
-2070.0
-2070.0
-2070.0
-2070.0
-2070.0
-2062.0
-2062.0
-2062.0
-2062.0
-2062.0
-2062.0
-2062.0
-2062.0
-2062.0
-2062.0
-2062.0
-2062.0
-2062.0
-2062.0
-2070.0
-2070.0
-2070.0
-2070.0
-2070.0
-2070.0
-2070.0
-2076.0
-2078.0
-2082.0
-2088.0
-2088.0
-2088.0
-2088.0
-2088.0
-2088.0
-2088.0
-2088.0
-2076.0
-2076.0
-2076.0
-2076.0
-2076.0
-2084.0
-2084.0
-2084.0
-2084.0
-2084.0
-2084.0
-2084.0
-2084.0
-2084.0
-2084.0
-2086.0
-2092.0
-2092.0
-2092.0
-2092.0
-2092.0
-2100.0
-2100.0
-2100.0
-2092.0
-2092.0
-2092.0
-2092.0
-2092.0
-2096.0
-2096.0
-2100.0
-2100.0
-2110.0
-2110.0
-2104.0
-2104.0
-2110.0
-2110.0
-2110.0
-2110.0
-2110.0
-2110.0
-2110.0
-2110.0
-2102.0
-2118.0
-2122.0
-2122.0
-2122.0
-2122.0
-2138.0
-2138.0
-2130.0
-2138.0
-2130.0
-2130.0
-2130.0
-2130.0
-2130.0
-2130.0
-2130.0
-2130.0
-2140.0
-2132.0
-2140.0
-2140.0
-2140.0
-2134.0
-2132.0
-2152.0
-2152.0
-2168.0
-2160.0
-2160.0
-2160.0
-2160.0
-2160.0
-2168.0
-2168.0
-2160.0
-2166.0
-2166.0
-2174.0
-2174.0
-2174.0
-2172.0
-2174.0
-2174.0
-2184.0
-2200.0
-2200.0
-2200.0
-2200.0
-2200.0
-2200.0
-2200.0
-2200.0
-2200.0
-2200.0
-2200.0
-2200.0
-2200.0
-2200.0
-2200.0
-2200.0
-2200.0
-2200.0
-2210.0
-2210.0
-2210.0
-2210.0
-2204.0
-2204.0
-2204.0
-2204.0
-2204.0
-2212.0
-2212.0
-2204.0
-2204.0
-2204.0
-2206.0
-2212.0
-2212.0
-2212.0
-2204.0
-2210.0
-2212.0
-2212.0
-2206.0
-2204.0
-2204.0
-2220.0
-2212.0
-2212.0
-2212.0
-2212.0
-2212.0
-2216.0
-2216.0
-2222.0
-2222.0
-2224.0
-2224.0
-2216.0
-2216.0
-2216.0
-2222.0
-2216.0
-2216.0
-2216.0
-2216.0
-2216.0
-2216.0
-2216.0
-2224.0
-2224.0
-2222.0
-2222.0
-2222.0
-2224.0
-2216.0
-2216.0
-2216.0
-2216.0
-2224.0
-2216.0
-2216.0
-2216.0
-2216.0
-2216.0
-2216.0
-2216.0
-2216.0
-2216.0
-2222.0
-2222.0
-2224.0
-2216.0
-2216.0
-2224.0
-2224.0
-2224.0
-2230.0
-2230.0
-2230.0
-2224.0
-2232.0
-2224.0
-2224.0
-2224.0
-2224.0
-2224.0
-2224.0
-2224.0
-2224.0
-2224.0
-2224.0
-2224.0
-2224.0
-2224.0
-2224.0
-2224.0
-2224.0
-2224.0
-2232.0
-2236.0
-2236.0
-2236.0
-2228.0
-2244.0
-2244.0
-2244.0
-2244.0
-2244.0
-2236.0
-2242.0
-2240.0
-2240.0
-2236.0
-2236.0
-2236.0
-2236.0
-2236.0
-2236.0
-2236.0
-2236.0
-2244.0
-2244.0
-2244.0
-2244.0
-2244.0
-2244.0
-2236.0
-2236.0
-2252.0
-2252.0
-2252.0
-2252.0
-2252.0
-2244.0
-2244.0
-2244.0
-2244.0
-2244.0
-2244.0
-2244.0
-2244.0
-2244.0
-2244.0
-2244.0
-2252.0
-2244.0
-2244.0
-2244.0
-2244.0
-2244.0
-2246.0
-2244.0
-2244.0
-2244.0
-2244.0
-2244.0
-2244.0
-2244.0
-2244.0
-2252.0
-2244.0
-2244.0
-2244.0
-2244.0
-2252.0
-2250.0
-2264.0
-2264.0
-2264.0
-2264.0
-2264.0
-2262.0
-2262.0
-2262.0
-2262.0
-2256.0
-2256.0
-2256.0
-2256.0
-2256.0
-2272.0
-2272.0
-2272.0
-2272.0
-2264.0
-2274.0
-2274.0
-2268.0
-2268.0
-2268.0
-2268.0
-2268.0
-2276.0
-2276.0
-2276.0
-2286.0
-2286.0
-2286.0
-2280.0
-2280.0
-2290.0
-2290.0
-2284.0
-2284.0
-2284.0
-2284.0
-2284.0
-2284.0
-2284.0
-2284.0
-2292.0
-2292.0
-2294.0
-2286.0
-2286.0
-2302.0
-2294.0
-2294.0
-2294.0
-2302.0
-2302.0
-2294.0
-2294.0
-2294.0
-2294.0
-2302.0
-2294.0
-2294.0
-2294.0
-2302.0
-2302.0
-2302.0
-2302.0
-2302.0
-2302.0
-2302.0
-2302.0
-2302.0
-2294.0
-2294.0
-2294.0
-2294.0
-2310.0
-2314.0
-2310.0
-2310.0
-2310.0
-2310.0
-2310.0
-2310.0
-2310.0
-2310.0
-2314.0
-2310.0
-2310.0
-2318.0
-2318.0
-2318.0
-2318.0
-2310.0
-2310.0
-2310.0
-2310.0
-2310.0
-2310.0
-2310.0
-2310.0
-2310.0
-2310.0
-2310.0
-2310.0
-2318.0
-2318.0
-2318.0
-2310.0
-2310.0
-2310.0
-2310.0
-2318.0
-2318.0
-2318.0
-2310.0
-2310.0
-2318.0
-2318.0
-2318.0
-2318.0
-2318.0
-2318.0
-2318.0
-2318.0
-2318.0
-2326.0
-2326.0
-2318.0
-2326.0
-2318.0
-2322.0
-2322.0
-2326.0
-2318.0
-2318.0
-2318.0
-2318.0
-2332.0
-2332.0
-2340.0
-2340.0
-2340.0
-2340.0
-2332.0
-2332.0
-2332.0
-2332.0
-2332.0
-2332.0
-2340.0
-2332.0
-2332.0
-2332.0
-2332.0
-2340.0
-2332.0
-2332.0
-2340.0
-2340.0
-2340.0
-2340.0
-2340.0
-2340.0
-2334.0
-2332.0
-2332.0
-2332.0
-2332.0
-2332.0
-2332.0
-2332.0
-2332.0
-2332.0
-2332.0
-2332.0
-2332.0
-2332.0
-2332.0
-2332.0
-2340.0
-2348.0
-2348.0
-2340.0
-2340.0
-2340.0
-2340.0
-2340.0
-2340.0
-2340.0
-2340.0
-2340.0
-2348.0
-2340.0
-2340.0
-2340.0
-2340.0
-2340.0
-2340.0
-2340.0
-2340.0
-2340.0
-2340.0
-2340.0
-2340.0
-2340.0
-2340.0
-2340.0
-2340.0
-2340.0
-2340.0
-2340.0
-2340.0
-2340.0
-2348.0
-2340.0
-2348.0
-2348.0
-2348.0
-2340.0
-2340.0
-2340.0
-2340.0
-2340.0
-2340.0
-2346.0
-2346.0
-2346.0
-2346.0
-2346.0
-2346.0
-2346.0
-2346.0
-2346.0
-2340.0
-2340.0
-2340.0
-2348.0
-2348.0
-2340.0
-2340.0
-2348.0
-2348.0
-2348.0
-2346.0
-2350.0
-2350.0
-2344.0
-2360.0
-2360.0
-2352.0
-2352.0
-2358.0
-2352.0
-2352.0
-2352.0
-2368.0
-2360.0
-2368.0
-2368.0
-2368.0
-2368.0
-2360.0
-2360.0
-2360.0
-2368.0
-2360.0
-2360.0
-2360.0
-2360.0
-2360.0
-2360.0
-2360.0
-2360.0
-2360.0
-2364.0
-2360.0
-2360.0
-2366.0
-2360.0
-2360.0
-2360.0
-2360.0
-2360.0
-2360.0
-2360.0
-2360.0
-2360.0
-2360.0
-2360.0
-2360.0
-2360.0
-2360.0
-2360.0
-2360.0
-2360.0
-2360.0
-2360.0
-2368.0
-2368.0
-2360.0
-2360.0
-2360.0
-2360.0
-2360.0
-2368.0
-2356.0
-2356.0
-2356.0
-2356.0
-2356.0
-2364.0
-2364.0
-2364.0
-2364.0
-2356.0
-2356.0
-2356.0
-2364.0
-2362.0
-2356.0
-2356.0
-2356.0
-2356.0
-2356.0
-2360.0
-2360.0
-2364.0
-2356.0
-2356.0
-2356.0
-2356.0
-2356.0
-2356.0
-2356.0
-2356.0
-2356.0
-2356.0
-2356.0
-2356.0
-2356.0
-2372.0
-2372.0
-2372.0
-2364.0
-2364.0
-2380.0
-2376.0
-2376.0
-2380.0
-2386.0
-2386.0
-2386.0
-2386.0
-2384.0
-2384.0
-2384.0
-2384.0
-2384.0
-2384.0
-2392.0
-2398.0
-2398.0
-2398.0
-2398.0
-2398.0
-2398.0
-2406.0
-2406.0
-2416.0
-2414.0
-2414.0
-2420.0
-2414.0
-2422.0
-2426.0
-2418.0
-2418.0
-2418.0
-2418.0
-2424.0
-2424.0
-2424.0
-2418.0
-2420.0
-2420.0
-2418.0
-2418.0
-2426.0
-2426.0
-2426.0
-2418.0
-2418.0
-2418.0
-2418.0
-2418.0
-2418.0
-2418.0
-2418.0
-2418.0
-2418.0
-2418.0
-2418.0
-2418.0
-2418.0
-2418.0
-2426.0
-2426.0
-2426.0
-2426.0
-2426.0
-2426.0
-2418.0
-2418.0
-2418.0
-2418.0
-2418.0
-2422.0
-2418.0
-2418.0
-2418.0
-2418.0
-2420.0
-2426.0
-2426.0
-2418.0
-2426.0
-2428.0
-2422.0
-2422.0
-2422.0
-2422.0
-2422.0
-2422.0
-2422.0
-2422.0
-2422.0
-2422.0
-2422.0
-2430.0
-2430.0
-2430.0
-2430.0
-2430.0
-2430.0
-2430.0
-2422.0
-2422.0
-2430.0
-2430.0
-2430.0
-2422.0
-2422.0
-2422.0
-2422.0
-2422.0
-2422.0
-2422.0
-2422.0
-2430.0
-2430.0
-2430.0
-2422.0
-2422.0
-2422.0
-2422.0
-2422.0
-2422.0
-2428.0
-2422.0
-2422.0
-2422.0
-2422.0
-2422.0
-2422.0
-2422.0
-2422.0
-2422.0
-2422.0
-2422.0
-2422.0
-2422.0
-2422.0
-2422.0
-2422.0
-2422.0
-2422.0
-2422.0
-2422.0
-2422.0
-2422.0
-2422.0
-2430.0
-2426.0
-2426.0
-2426.0
-2426.0
-2426.0
-2426.0
-2426.0
-2426.0
-2426.0
-2426.0
-2426.0
-2426.0
-2426.0
-2422.0
-2422.0
-2426.0
-2422.0
-2422.0
-2422.0
-2422.0
-2422.0
-2422.0
-2430.0
-2430.0
-2422.0
-2422.0
-2424.0
-2428.0
-2428.0
-2430.0
-2422.0
-2422.0
-2422.0
-2422.0
-2428.0
-2428.0
-2428.0
-2428.0
-2428.0
-2426.0
-2426.0
-2430.0
-2430.0
-2422.0
-2422.0
-2430.0
-2422.0
-2422.0
-2422.0
-2430.0
-2430.0
-2430.0
-2430.0
-2430.0
-2422.0
-2422.0
-2422.0
-2424.0
-2428.0
-2422.0
-2422.0
-2422.0
-2422.0
-2422.0
-2422.0
-2422.0
-2422.0
-2422.0
-2426.0
-2426.0
-2426.0
-2426.0
-2422.0
-2422.0
-2422.0
-2422.0
-2422.0
-2422.0
-2430.0
-2430.0
-2422.0
-2422.0
-2422.0
-2422.0
-2422.0
-2422.0
-2422.0
-2422.0
-2422.0
-2422.0
-2422.0
-2422.0
-2432.0
-2432.0
-2426.0
-2426.0
-2434.0
-2434.0
-2432.0
-2432.0
-2426.0
-2426.0
-2426.0
-2426.0
-2426.0
-2426.0
-2426.0
-2428.0
-2428.0
-2434.0
-2434.0
-2434.0
-2434.0
-2434.0
-2434.0
-2426.0
-2426.0
-2428.0
-2428.0
-2434.0
-2422.0
-2422.0
-2422.0
-2422.0
-2422.0
-2422.0
-2422.0
-2422.0
-2422.0
-2422.0
-2422.0
-2422.0
-2422.0
-2422.0
-2422.0
-2422.0
-2422.0
-2430.0
-2430.0
-2430.0
-2430.0
-2432.0
-2426.0
-2426.0
-2434.0
-2426.0
-2426.0
-2426.0
-2426.0
-2426.0
-2434.0
-2434.0
-2434.0
-2426.0
-2426.0
-2426.0
-2426.0
-2426.0
-2426.0
-2426.0
-2434.0
-2426.0
-2434.0
-2434.0
-2434.0
-2434.0
-2434.0
-2442.0
-2442.0
-2442.0
-2442.0
-2440.0
-2440.0
-2440.0
-2440.0
-2442.0
-2442.0
-2442.0
-2442.0
-2442.0
-2434.0
-2434.0
-2434.0
-2434.0
-2434.0
-2442.0
-2434.0
-2434.0
-2434.0
-2434.0
-2434.0
-2442.0
-2438.0
-2446.0
-2438.0
-2438.0
-2438.0
-2438.0
-2438.0
-2446.0
-2446.0
-2438.0
-2438.0
-2438.0
-2438.0
-2440.0
-2446.0
-2438.0
-2438.0
-2438.0
-2438.0
-2438.0
-2438.0
-2438.0
-2438.0
-2438.0
-2446.0
-2438.0
-2438.0
-2438.0
-2438.0
-2442.0
-2454.0
-2454.0
-2456.0
-2454.0
-2454.0
-2448.0
-2448.0
-2448.0
-2448.0
-2448.0
-2448.0
-2448.0
-2448.0
-2448.0
-2448.0
-2448.0
-2448.0
-2448.0
-2448.0
-2448.0
-2448.0
-2448.0
-2448.0
-2448.0
-2448.0
-2448.0
-2456.0
-2448.0
-2448.0
-2448.0
-2448.0
-2448.0
-2448.0
-2448.0
-2448.0
-2448.0
-2448.0
-2454.0
-2456.0
-2448.0
-2456.0
-2456.0
-2456.0
-2452.0
-2448.0
-2448.0
-2448.0
-2448.0
-2448.0
-2452.0
-2452.0
-2448.0
-2456.0
-2456.0
-2456.0
-2448.0
-2448.0
-2448.0
-2448.0
-2448.0
-2448.0
-2448.0
-2464.0
-2456.0
-2456.0
-2458.0
-2458.0
-2458.0
-2458.0
-2462.0
-2464.0
-2464.0
-2458.0
-2458.0
-2468.0
-2468.0
-2468.0
-2468.0
-2468.0
-2462.0
-2462.0
-2462.0
-2462.0
-2462.0
-2462.0
-2462.0
-2462.0
-2462.0
-2470.0
-2470.0
-2470.0
-2462.0
-2462.0
-2470.0
-2470.0
-2470.0
-2470.0
-2470.0
-2470.0
-2470.0
-2470.0
-2470.0
-2472.0
-2470.0
-2470.0
-2470.0
-2470.0
-2470.0
-2476.0
-2486.0
-2478.0
-2482.0
-2478.0
-2490.0
-2490.0
-2490.0
-2490.0
-2482.0
-2486.0
-2486.0
-2490.0
-2490.0
-2490.0
-2482.0
-2490.0
-2490.0
-2482.0
-2506.0
-2506.0
-2506.0
-2506.0
-2506.0
-2506.0
-2506.0
-2506.0
-2506.0
-2506.0
-2506.0
-2506.0
-2506.0
-2506.0
-2506.0
-2506.0
-2506.0
-2506.0
-2506.0
-2506.0
-2506.0
-2506.0
-2514.0
-2506.0
-2506.0
-2506.0
-2506.0
-2506.0
-2506.0
-2512.0
-2514.0
-2510.0
-2512.0
-2506.0
-2514.0
-2514.0
-2514.0
-2530.0
-2530.0
-2530.0
-2542.0
-2542.0
-2542.0
-2542.0
-2542.0
-2542.0
-2542.0
-2542.0
-2542.0
-2542.0
-2542.0
-2542.0
-2542.0
-2542.0
-2542.0
-2542.0
-2542.0
-2542.0
-2542.0
-2542.0
-2542.0
-2542.0
-2542.0
-2548.0
-2544.0
-2542.0
-2542.0
-2542.0
-2542.0
-2550.0
-2550.0
-2550.0
-2542.0
-2542.0
-2542.0
-2542.0
-2550.0
-2550.0
-2550.0
-2550.0
-2550.0
-2550.0
-2542.0
-2550.0
-2550.0
-2550.0
-2550.0
-2550.0
-2550.0
-2550.0
-2542.0
-2542.0
-2542.0
-2542.0
-2542.0
-2542.0
-2542.0
-2542.0
-2542.0
-2542.0
-2542.0
-2542.0
-2542.0
-2542.0
-2542.0
-2542.0
-2542.0
-2542.0
-2542.0
-2542.0
-2542.0
-2542.0
-2542.0
-2542.0
-2542.0
-2542.0
-2542.0
-2542.0
-2542.0
-2542.0
-2542.0
-2542.0
-2542.0
-2542.0
-2542.0
-2542.0
-2542.0
-2542.0
-2542.0
-2542.0
-2542.0
-2546.0
-2546.0
-2546.0
-2542.0
-2542.0
-2542.0
-2542.0
-2542.0
-2542.0
-2542.0
-2542.0
-2542.0
-2542.0
-2548.0
-2548.0
-2542.0
-2542.0
-2550.0
-2550.0
-2550.0
-2550.0
-2550.0
-2550.0
-2542.0
-2542.0
-2550.0
-2550.0
-2542.0
-2542.0
-2546.0
-2546.0
-2546.0
-2546.0
-2546.0
-2542.0
-2542.0
-2542.0
-2542.0
-2542.0
-2542.0
-2546.0
-2546.0
-2542.0
-2550.0
-2550.0
-2550.0
-2550.0
-2542.0
-2542.0
-2542.0
-2550.0
-2550.0
-2542.0
-2542.0
-2550.0
-2550.0
-2542.0
-2542.0
-2542.0
-2542.0
-2550.0
-2550.0
-2544.0
-2544.0
-2544.0
-2550.0
-2550.0
-2558.0
-2550.0
-2550.0
-2550.0
-2554.0
-2554.0
-2554.0
-2554.0
-2554.0
-2550.0
-2550.0
-2550.0
-2550.0
-2550.0
-2558.0
-2558.0
-2558.0
-2550.0
-2550.0
-2550.0
-2550.0
-2550.0
-2566.0
-2564.0
-2564.0
-2566.0
-2558.0
-2558.0
-2558.0
-2558.0
-2558.0
-2564.0
-2564.0
-2558.0
-2558.0
-2558.0
-2558.0
-2558.0
-2558.0
-2558.0
-2558.0
-2560.0
-2558.0
-2558.0
-2558.0
-2558.0
-2574.0
-2566.0
-2566.0
-2566.0
-2566.0
-2574.0
-2574.0
-2566.0
-2566.0
-2566.0
-2566.0
-2566.0
-2566.0
-2566.0
-2566.0
-2566.0
-2574.0
-2574.0
-2574.0
-2566.0
-2566.0
-2566.0
-2566.0
-2566.0
-2566.0
-2566.0
-2566.0
-2566.0
-2568.0
-2568.0
-2568.0
-2568.0
-2568.0
-2566.0
-2566.0
-2566.0
-2566.0
-2566.0
-2566.0
-2566.0
-2566.0
-2566.0
-2566.0
-2566.0
-2566.0
-2574.0
-2574.0
-2574.0
-2566.0
-2566.0
-2566.0
-2566.0
-2566.0
-2566.0
-2566.0
-2566.0
-2566.0
-2566.0
-2566.0
-2566.0
-2566.0
-2578.0
-2578.0
-2578.0
-2578.0
-2570.0
-2570.0
-2578.0
-2578.0
-2578.0
-2582.0
-2574.0
-2574.0
-2574.0
-2574.0
-2574.0
-2574.0
-2574.0
-2582.0
-2582.0
-2574.0
-2574.0
-2574.0
-2574.0
-2582.0
-2582.0
-2582.0
-2582.0
-2582.0
-2574.0
-2574.0
-2574.0
-2574.0
-2574.0
-2582.0
-2582.0
-2574.0
-2574.0
-2574.0
-2574.0
-2574.0
-2574.0
-2574.0
-2578.0
-2578.0
-2582.0
-2574.0
-2582.0
-2582.0
-2582.0
-2582.0
-2574.0
-2574.0
-2574.0
-2574.0
-2574.0
-2574.0
-2574.0
-2574.0
-2574.0
-2580.0
-2580.0
-2580.0
-2582.0
-2582.0
-2574.0
-2590.0
-2590.0
-2590.0
-2590.0
-2590.0
-2590.0
-2578.0
-2578.0
-2578.0
-2578.0
-2578.0
-2578.0
-2578.0
-2594.0
-2594.0
-2594.0
-2584.0
-2588.0
-2584.0
-2586.0
-2586.0
-2586.0
-2584.0
-2584.0
-2592.0
-2592.0
-2592.0
-2592.0
-2592.0
-2592.0
-2584.0
-2584.0
-2584.0
-2584.0
-2584.0
-2592.0
-2592.0
-2584.0
-2584.0
-2584.0
-2584.0
-2584.0
-2584.0
-2584.0
-2584.0
-2584.0
-2584.0
-2604.0
-2604.0
-2604.0
-2604.0
-2604.0
-2604.0
-2596.0
-2596.0
-2596.0
-2596.0
-2612.0
-2612.0
-2612.0
-2612.0
-2612.0
-2612.0
-2612.0
-2620.0
-2620.0
-2620.0
-2612.0
-2620.0
-2620.0
-2620.0
-2620.0
-2612.0
-2612.0
-2612.0
-2612.0
-2612.0
-2612.0
-2612.0
-2620.0
-2612.0
-2612.0
-2612.0
-2612.0
-2620.0
-2620.0
-2608.0
-2608.0
-2608.0
-2608.0
-2612.0
-2608.0
-2608.0
-2608.0
-2608.0
-2608.0
-2608.0
-2608.0
-2608.0
-2608.0
-2608.0
-2608.0
-2608.0
-2608.0
-2608.0
-2608.0
-2608.0
-2608.0
-2614.0
-2612.0
-2612.0
-2612.0
-2612.0
-2608.0
-2608.0
-2608.0
-2608.0
-2608.0
-2608.0
-2608.0
-2608.0
-2612.0
-2608.0
-2608.0
-2608.0
-2608.0
-2608.0
-2614.0
-2614.0
-2614.0
-2614.0
-2614.0
-2616.0
-2608.0
-2608.0
-2608.0
-2608.0
-2608.0
-2608.0
-2608.0
-2608.0
-2616.0
-2616.0
-2608.0
-2608.0
-2608.0
-2608.0
-2608.0
-2612.0
-2608.0
-2608.0
-2608.0
-2608.0
-2608.0
-2608.0
-2608.0
-2608.0
-2608.0
-2608.0
-2608.0
-2608.0
-2608.0
-2608.0
-2608.0
-2608.0
-2608.0
-2608.0
-2608.0
-2608.0
-2608.0
-2608.0
-2608.0
-2608.0
-2608.0
-2616.0
-2616.0
-2616.0
-2616.0
-2616.0
-2616.0
-2616.0
-2616.0
-2608.0
-2608.0
-2608.0
-2608.0
-2608.0
-2608.0
-2608.0
-2608.0
-2608.0
-2608.0
-2608.0
-2608.0
-2616.0
-2608.0
-2608.0
-2608.0
-2608.0
-2608.0
-2608.0
-2608.0
-2608.0
-2608.0
-2614.0
-2608.0
-2608.0
-2608.0
-2608.0
-2608.0
-2608.0
-2608.0
-2614.0
-2614.0
-2608.0
-2608.0
-2608.0
-2608.0
-2608.0
-2608.0
-2608.0
-2608.0
-2608.0
-2616.0
-2610.0
-2610.0
-2616.0
-2608.0
-2608.0
-2608.0
-2608.0
-2608.0
-2608.0
-2608.0
-2608.0
-2608.0
-2608.0
-2616.0
-2608.0
-2608.0
-2608.0
-2616.0
-2616.0
-2616.0
-2616.0
-2616.0
-2616.0
-2608.0
-2608.0
-2608.0
-2608.0
-2608.0
-2608.0
-2608.0
-2608.0
-2608.0
-2608.0
-2620.0
-2620.0
-2612.0
-2612.0
-2612.0
-2612.0
-2612.0
-2612.0
-2612.0
-2612.0
-2612.0
-2612.0
-2612.0
-2612.0
-2612.0
-2612.0
-2612.0
-2616.0
-2612.0
-2612.0
-2612.0
-2612.0
-2612.0
-2612.0
-2620.0
-2620.0
-2620.0
-2620.0
-2620.0
-2612.0
-2618.0
-2612.0
-2614.0
-2612.0
-2612.0
-2612.0
-2612.0
-2612.0
-2612.0
-2612.0
-2620.0
-2618.0
-2620.0
-2620.0
-2620.0
-2620.0
-2614.0
-2612.0
-2612.0
-2612.0
-2612.0
-2612.0
-2612.0
-2612.0
-2612.0
-2612.0
-2612.0
-2612.0
-2620.0
-2612.0
-2612.0
-2618.0
-2618.0
-2618.0
-2612.0
-2612.0
-2612.0
-2612.0
-2612.0
-2612.0
-2612.0
-2612.0
-2612.0
-2612.0
-2620.0
-2620.0
-2620.0
-2612.0
-2612.0
-2612.0
-2612.0
-2612.0
-2612.0
-2612.0
-2612.0
-2612.0
-2612.0
-2612.0
-2612.0
-2612.0
-2612.0
-2612.0
-2612.0
-2612.0
-2612.0
-2612.0
-2612.0
-2612.0
-2612.0
-2612.0
-2612.0
-2612.0
-2628.0
-2628.0
-2628.0
-2628.0
-2628.0
-2622.0
-2622.0
-2622.0
-2622.0
-2622.0
-2622.0
-2622.0
-2622.0
-2622.0
-2620.0
-2620.0
-2620.0
-2620.0
-2620.0
-2624.0
-2624.0
-2624.0
-2628.0
-2628.0
-2628.0
-2628.0
-2628.0
-2628.0
-2620.0
-2628.0
-2628.0
-2620.0
-2620.0
-2620.0
-2626.0
-2620.0
-2620.0
-2620.0
-2624.0
-2624.0
-2620.0
-2620.0
-2626.0
-2626.0
-2620.0
-2620.0
-2620.0
-2620.0
-2620.0
-2620.0
-2622.0
-2622.0
-2620.0
-2626.0
-2626.0
-2626.0
-2626.0
-2632.0
-2632.0
-2632.0
-2620.0
-2620.0
-2620.0
-2620.0
-2620.0
-2620.0
-2620.0
-2620.0
-2628.0
-2620.0
-2620.0
-2620.0
-2620.0
-2620.0
-2620.0
-2628.0
-2628.0
-2628.0
-2620.0
-2620.0
-2620.0
-2620.0
-2620.0
-2624.0
-2620.0
-2620.0
-2620.0
-2620.0
-2620.0
-2640.0
-2636.0
-2640.0
-2636.0
-2636.0
-2642.0
-2644.0
-2636.0
-2636.0
-2636.0
-2636.0
-2636.0
-2636.0
-2636.0
-2644.0
-2636.0
-2636.0
-2652.0
-2644.0
-2644.0
-2652.0
-2652.0
-2652.0
-2644.0
-2644.0
-2644.0
-2644.0
-2644.0
-2644.0
-2644.0
-2646.0
-2646.0
-2646.0
-2646.0
-2646.0
-2652.0
-2644.0
-2650.0
-2650.0
-2642.0
-2642.0
-2642.0
-2644.0
-2642.0
-2642.0
-2642.0
-2648.0
-2650.0
-2650.0
-2650.0
-2644.0
-2644.0
-2646.0
-2646.0
-2644.0
-2644.0
-2644.0
-2652.0
-2662.0
-2664.0
-2664.0
-2656.0
-2656.0
-2656.0
-2656.0
-2664.0
-2664.0
-2656.0
-2656.0
-2656.0
-2656.0
-2656.0
-2660.0
-2660.0
-2660.0
-2660.0
-2656.0
-2656.0
-2660.0
-2660.0
-2656.0
-2656.0
-2656.0
-2656.0
-2656.0
-2662.0
-2656.0
-2664.0
-2656.0
-2656.0
-2656.0
-2656.0
-2656.0
-2656.0
-2656.0
-2656.0
-2656.0
-2656.0
-2656.0
-2664.0
-2658.0
-2664.0
-2656.0
-2656.0
-2656.0
-2656.0
-2656.0
-2656.0
-2660.0
-2656.0
-2660.0
-2656.0
-2656.0
-2660.0
-2660.0
-2664.0
-2664.0
-2664.0
-2664.0
-2664.0
-2664.0
-2664.0
-2656.0
-2656.0
-2656.0
-2656.0
-2656.0
-2656.0
-2656.0
-2664.0
-2662.0
-2662.0
-2662.0
-2662.0
-2656.0
-2656.0
-2656.0
-2664.0
-2664.0
-2664.0
-2664.0
-2664.0
-2664.0
-2656.0
-2656.0
-2656.0
-2656.0
-2656.0
-2656.0
-2658.0
-2658.0
-2658.0
-2658.0
-2656.0
-2656.0
-2660.0
-2660.0
-2660.0
-2664.0
-2664.0
-2664.0
-2656.0
-2656.0
-2658.0
-2662.0
-2662.0
-2662.0
-2662.0
-2662.0
-2662.0
-2656.0
-2656.0
-2656.0
-2656.0
-2656.0
-2656.0
-2656.0
-2656.0
-2656.0
-2656.0
-2656.0
-2664.0
-2664.0
-2656.0
-2656.0
-2656.0
-2656.0
-2656.0
-2656.0
-2656.0
-2656.0
-2656.0
-2656.0
-2656.0
-2656.0
-2656.0
-2656.0
-2656.0
-2656.0
-2656.0
-2656.0
-2656.0
-2656.0
-2664.0
-2664.0
-2662.0
-2664.0
-2656.0
-2656.0
-2656.0
-2656.0
-2656.0
-2656.0
-2656.0
-2656.0
-2656.0
-2656.0
-2656.0
-2656.0
-2656.0
-2656.0
-2656.0
-2664.0
-2664.0
-2656.0
-2656.0
-2656.0
-2656.0
-2656.0
-2664.0
-2656.0
-2656.0
-2656.0
-2662.0
-2662.0
-2662.0
-2656.0
-2656.0
-2656.0
-2656.0
-2656.0
-2656.0
-2656.0
-2664.0
-2668.0
-2668.0
-2664.0
-2664.0
-2664.0
-2664.0
-2664.0
-2664.0
-2664.0
-2668.0
-2668.0
-2668.0
-2664.0
-2664.0
-2664.0
-2670.0
-2664.0
-2664.0
-2664.0
-2664.0
-2664.0
-2664.0
-2664.0
-2664.0
-2664.0
-2664.0
-2664.0
-2664.0
-2664.0
-2664.0
-2664.0
-2664.0
-2664.0
-2664.0
-2664.0
-2664.0
-2664.0
-2664.0
-2664.0
-2664.0
-2664.0
-2664.0
-2664.0
-2664.0
-2664.0
-2664.0
-2664.0
-2668.0
-2680.0
-2680.0
-2680.0
-2680.0
-2680.0
-2680.0
-2680.0
-2672.0
-2672.0
-2680.0
-2680.0
-2680.0
-2680.0
-2680.0
-2672.0
-2672.0
-2672.0
-2672.0
-2672.0
-2672.0
-2672.0
-2672.0
-2672.0
-2672.0
-2672.0
-2672.0
-2672.0
-2680.0
-2680.0
-2680.0
-2688.0
-2682.0
-2684.0
-2680.0
-2680.0
-2680.0
-2680.0
-2680.0
-2680.0
-2680.0
-2688.0
-2688.0
-2680.0
-2680.0
-2680.0
-2680.0
-2680.0
-2680.0
-2688.0
-2680.0
-2680.0
-2680.0
-2680.0
-2680.0
-2680.0
-2680.0
-2688.0
-2688.0
-2688.0
-2680.0
-2680.0
-2680.0
-2684.0
-2680.0
-2680.0
-2680.0
-2680.0
-2680.0
-2680.0
-2680.0
-2680.0
-2680.0
-2680.0
-2680.0
-2680.0
-2682.0
-2680.0
-2680.0
-2680.0
-2680.0
-2680.0
-2680.0
-2688.0
-2688.0
-2688.0
-2688.0
-2688.0
-2682.0
-2682.0
-2682.0
-2682.0
-2682.0
-2682.0
-2682.0
-2680.0
-2688.0
-2682.0
-2686.0
-2686.0
-2686.0
-2686.0
-2686.0
-2686.0
-2680.0
-2680.0
-2680.0
-2680.0
-2680.0
-2680.0
-2682.0
-2682.0
-2680.0
-2680.0
-2680.0
-2680.0
-2680.0
-2680.0
-2680.0
-2688.0
-2688.0
-2684.0
-2680.0
-2680.0
-2680.0
-2680.0
-2688.0
-2688.0
-2682.0
-2682.0
-2680.0
-2688.0
-2688.0
-2688.0
-2688.0
-2688.0
-2688.0
-2688.0
-2688.0
-2688.0
-2688.0
-2680.0
-2680.0
-2680.0
-2680.0
-2680.0
-2680.0
-2680.0
-2682.0
-2682.0
-2682.0
-2682.0
-2682.0
-2682.0
-2684.0
-2680.0
-2688.0
-2680.0
-2688.0
-2688.0
-2680.0
-2680.0
-2680.0
-2680.0
-2680.0
-2688.0
-2688.0
-2688.0
-2688.0
-2688.0
-2680.0
-2680.0
-2680.0
-2686.0
-2686.0
-2686.0
-2688.0
-2688.0
-2688.0
-2688.0
-2688.0
-2688.0
-2688.0
-2682.0
-2680.0
-2680.0
-2680.0
-2680.0
-2680.0
-2680.0
-2680.0
-2680.0
-2680.0
-2688.0
-2688.0
-2688.0
-2680.0
-2680.0
-2680.0
-2680.0
-2680.0
-2680.0
-2682.0
-2682.0
-2682.0
-2686.0
-2688.0
-2688.0
-2680.0
-2680.0
-2680.0
-2680.0
-2680.0
-2680.0
-2680.0
-2684.0
-2684.0
-2684.0
-2684.0
-2684.0
-2680.0
-2680.0
-2680.0
-2680.0
-2680.0
-2688.0
-2688.0
-2688.0
-2688.0
-2696.0
-2696.0
-2696.0
-2688.0
-2696.0
-2696.0
-2696.0
-2696.0
-2696.0
-2688.0
-2688.0
-2688.0
-2688.0
-2688.0
-2688.0
-2688.0
-2692.0
-2694.0
-2688.0
-2696.0
-2688.0
-2688.0
-2688.0
-2690.0
-2688.0
-2688.0
-2688.0
-2694.0
-2694.0
-2694.0
-2694.0
-2694.0
-2694.0
-2688.0
-2692.0
-2692.0
-2692.0
-2688.0
-2688.0
-2688.0
-2688.0
-2688.0
-2688.0
-2688.0
-2688.0
-2688.0
-2688.0
-2688.0
-2688.0
-2688.0
-2688.0
-2688.0
-2688.0
-2688.0
-2688.0
-2688.0
-2688.0
-2688.0
-2688.0
-2696.0
-2696.0
-2688.0
-2688.0
-2688.0
-2688.0
-2688.0
-2688.0
-2688.0
-2694.0
-2688.0
-2688.0
-2688.0
-2688.0
-2688.0
-2688.0
-2688.0
-2688.0
-2688.0
-2694.0
-2688.0
-2688.0
-2688.0
-2688.0
-2688.0
-2688.0
-2688.0
-2688.0
-2688.0
-2688.0
-2688.0
-2688.0
-2688.0
-2694.0
-2692.0
-2692.0
-2692.0
-2692.0
-2692.0
-2692.0
-2692.0
-2692.0
-2688.0
-2692.0
-2696.0
-2690.0
-2690.0
-2690.0
-2692.0
-2692.0
-2688.0
-2688.0
-2696.0
-2696.0
-2702.0
-2702.0
-2702.0
-2694.0
-2694.0
-2702.0
-2702.0
-2702.0
-2694.0
-2694.0
-2694.0
-2694.0
-2694.0
-2694.0
-2694.0
-2694.0
-2694.0
-2694.0
-2694.0
-2694.0
-2694.0
-2694.0
-2702.0
-2694.0
-2694.0
-2694.0
-2694.0
-2694.0
-2694.0
-2694.0
-2694.0
-2694.0
-2694.0
-2694.0
-2694.0
-2694.0
-2698.0
-2700.0
-2702.0
-2702.0
-2702.0
-2702.0
-2702.0
-2702.0
-2694.0
-2694.0
-2694.0
-2694.0
-2694.0
-2694.0
-2702.0
-2702.0
-2702.0
-2702.0
-2694.0
-2694.0
-2694.0
-2694.0
-2696.0
-2696.0
-2694.0
-2694.0
-2694.0
-2694.0
-2694.0
-2694.0
-2694.0
-2694.0
-2694.0
-2694.0
-2696.0
-2696.0
-2694.0
-2696.0
-2694.0
-2694.0
-2694.0
-2694.0
-2694.0
-2694.0
-2694.0
-2694.0
-2694.0
-2694.0
-2694.0
-2694.0
-2694.0
-2694.0
-2694.0
-2698.0
-2698.0
-2702.0
-2702.0
-2702.0
-2694.0
-2694.0
-2694.0
-2694.0
-2696.0
-2696.0
-2696.0
-2694.0
-2694.0
-2694.0
-2694.0
-2694.0
-2694.0
-2694.0
-2694.0
-2694.0
-2694.0
-2698.0
-2698.0
-2698.0
-2702.0
-2702.0
-2694.0
-2694.0
-2694.0
-2694.0
-2694.0
-2694.0
-2702.0
-2702.0
-2694.0
-2694.0
-2694.0
-2700.0
-2702.0
-2704.0
-2702.0
-2702.0
-2702.0
-2702.0
-2702.0
-2702.0
-2702.0
-2702.0
-2702.0
-2696.0
-2696.0
-2696.0
-2696.0
-2696.0
-2696.0
-2704.0
-2704.0
-2702.0
-2702.0
-2702.0
-2698.0
-2700.0
-2696.0
-2696.0
-2696.0
-2696.0
-2696.0
-2696.0
-2696.0
-2696.0
-2696.0
-2696.0
-2696.0
-2704.0
-2696.0
-2696.0
-2696.0
-2696.0
-2696.0
-2696.0
-2696.0
-2696.0
-2696.0
-2696.0
-2704.0
-2696.0
-2696.0
-2696.0
-2704.0
-2704.0
-2704.0
-2696.0
-2696.0
-2696.0
-2696.0
-2696.0
-2696.0
-2696.0
-2696.0
-2696.0
-2696.0
-2696.0
-2696.0
-2696.0
-2696.0
-2696.0
-2696.0
-2696.0
-2704.0
-2696.0
-2696.0
-2696.0
-2696.0
-2696.0
-2696.0
-2696.0
-2702.0
-2702.0
-2702.0
-2702.0
-2702.0
-2696.0
-2698.0
-2698.0
-2698.0
-2704.0
-2704.0
-2704.0
-2704.0
-2704.0
-2712.0
-2712.0
-2712.0
-2712.0
-2712.0
-2704.0
-2704.0
-2706.0
-2706.0
-2706.0
-2706.0
-2706.0
-2704.0
-2710.0
-2710.0
-2710.0
-2704.0
-2704.0
-2704.0
-2704.0
-2704.0
-2704.0
-2704.0
-2712.0
-2712.0
-2712.0
-2704.0
-2704.0
-2704.0
-2704.0
-2712.0
-2704.0
-2712.0
-2712.0
-2704.0
-2704.0
-2704.0
-2704.0
-2704.0
-2704.0
-2704.0
-2704.0
-2704.0
-2704.0
-2704.0
-2714.0
-2714.0
-2714.0
-2714.0
-2714.0
-2714.0
-2714.0
-2714.0
-2714.0
-2714.0
-2706.0
-2706.0
-2706.0
-2706.0
-2706.0
-2706.0
-2706.0
-2714.0
-2714.0
-2706.0
-2706.0
-2706.0
-2706.0
-2706.0
-2706.0
-2706.0
-2706.0
-2706.0
-2706.0
-2706.0
-2706.0
-2706.0
-2706.0
-2706.0
-2714.0
-2714.0
-2706.0
-2712.0
-2714.0
-2714.0
-2714.0
-2714.0
-2714.0
-2714.0
-2714.0
-2714.0
-2714.0
-2714.0
-2714.0
-2716.0
-2714.0
-2714.0
-2714.0
-2714.0
-2714.0
-2714.0
-2718.0
-2714.0
-2714.0
-2714.0
-2714.0
-2714.0
-2714.0
-2714.0
-2714.0
-2714.0
-2714.0
-2714.0
-2714.0
-2714.0
-2714.0
-2714.0
-2714.0
-2718.0
-2718.0
-2718.0
-2714.0
-2714.0
-2714.0
-2714.0
-2714.0
-2714.0
-2714.0
-2714.0
-2714.0
-2714.0
-2714.0
-2714.0
-2714.0
-2714.0
-2714.0
-2714.0
-2714.0
-2714.0
-2714.0
-2714.0
-2714.0
-2714.0
-2714.0
-2714.0
-2714.0
-2714.0
-2714.0
-2714.0
-2714.0
-2714.0
-2714.0
-2714.0
-2714.0
-2714.0
-2714.0
-2714.0
-2714.0
-2714.0
-2714.0
-2714.0
-2714.0
-2714.0
-2720.0
-2720.0
-2722.0
-2722.0
-2714.0
-2714.0
-2714.0
-2714.0
-2714.0
-2714.0
-2722.0
-2714.0
-2722.0
-2722.0
-2714.0
-2714.0
-2714.0
-2714.0
-2714.0
-2722.0
-2714.0
-2714.0
-2716.0
-2716.0
-2716.0
-2714.0
-2714.0
-2714.0
-2714.0
-2714.0
-2714.0
-2714.0
-2714.0
-2714.0
-2714.0
-2714.0
-2714.0
-2714.0
-2714.0
-2714.0
-2714.0
-2714.0
-2714.0
-2714.0
-2714.0
-2722.0
-2722.0
-2722.0
-2714.0
-2714.0
-2714.0
-2714.0
-2718.0
-2718.0
-2718.0
-2722.0
-2722.0
-2722.0
-2722.0
-2722.0
-2722.0
-2722.0
-2722.0
-2720.0
-2720.0
-2720.0
-2720.0
-2720.0
-2714.0
-2714.0
-2722.0
-2722.0
-2714.0
-2714.0
-2714.0
-2714.0
-2714.0
-2714.0
-2714.0
-2714.0
-2720.0
-2720.0
-2714.0
-2722.0
-2722.0
-2714.0
-2726.0
-2726.0
-2724.0
-2724.0
-2718.0
-2726.0
-2726.0
-2726.0
-2720.0
-2720.0
-2720.0
-2720.0
-2720.0
-2720.0
-2720.0
-2720.0
-2720.0
-2720.0
-2720.0
-2720.0
-2728.0
-2722.0
-2722.0
-2720.0
-2720.0
-2720.0
-2720.0
-2720.0
-2720.0
-2720.0
-2720.0
-2720.0
-2720.0
-2720.0
-2720.0
-2720.0
-2720.0
-2720.0
-2720.0
-2720.0
-2720.0
-2720.0
-2720.0
-2720.0
-2720.0
-2720.0
-2720.0
-2720.0
-2720.0
-2726.0
-2726.0
-2726.0
-2720.0
-2720.0
-2720.0
-2720.0
-2720.0
-2720.0
-2722.0
-2722.0
-2722.0
-2722.0
-2720.0
-2720.0
-2724.0
-2724.0
-2724.0
-2736.0
-2736.0
-2728.0
-2728.0
-2728.0
-2736.0
-2736.0
-2736.0
-2736.0
-2736.0
-2736.0
-2736.0
-2732.0
-2728.0
-2736.0
-2728.0
-2728.0
-2728.0
-2728.0
-2728.0
-2728.0
-2736.0
-2736.0
-2728.0
-2728.0
-2728.0
-2728.0
-2728.0
-2728.0
-2728.0
-2728.0
-2736.0
-2736.0
-2728.0
-2728.0
-2728.0
-2728.0
-2730.0
-2728.0
-2728.0
-2730.0
-2730.0
-2730.0
-2730.0
-2730.0
-2730.0
