-1532.0
-2930.0
-3680.0
-4288.0
-4756.0
-5270.0
-5802.0
-6298.0
-6726.0
-7096.0
-7352.0
-7664.0
-7944.0
-8206.0
-8382.0
-8580.0
-8816.0
-9004.0
-9120.0
-9236.0
-9450.0
-9536.0
-9674.0
-9794.0
-9942.0
-10002.0
-10140.0
-10200.0
-10270.0
-10322.0
-10384.0
-10476.0
-10532.0
-10578.0
-10644.0
-10698.0
-10746.0
-10776.0
-10816.0
-10864.0
-10902.0
-10930.0
-10938.0
-10980.0
-11004.0
-11046.0
-11056.0
-11082.0
-11098.0
-11114.0
-11132.0
-11144.0
-11152.0
-11168.0
-11168.0
-11188.0
-11192.0
-11228.0
-11272.0
-11292.0
-11306.0
-11324.0
-11346.0
-11362.0
-11364.0
-11388.0
-11400.0
-11400.0
-11400.0
-11426.0
-11442.0
-11454.0
-11464.0
-11468.0
-11472.0
-11484.0
-11508.0
-11554.0
-11596.0
-11608.0
-11628.0
-11644.0
-11662.0
-11676.0
-11676.0
-11684.0
-11690.0
-11700.0
-11700.0
-11708.0
-11712.0
-11726.0
-11728.0
-11730.0
-11734.0
-11744.0
-11760.0
-11766.0
-11768.0
-11772.0
-11776.0
-11776.0
-11796.0
-11800.0
-11810.0
-11818.0
-11828.0
-11848.0
-11848.0
-11860.0
-11860.0
-11868.0
-11874.0
-11882.0
-11896.0
-11898.0
-11900.0
-11920.0
-11920.0
-11920.0
-11928.0
-11930.0
-11950.0
-11950.0
-11950.0
-11950.0
-11952.0
-11966.0
-11972.0
-11978.0
-11982.0
-11986.0
-11986.0
-12000.0
-12006.0
-12016.0
-12016.0
-12016.0
-12022.0
-12030.0
-12032.0
-12032.0
-12032.0
-12032.0
-12032.0
-12032.0
-12040.0
-12040.0
-12042.0
-12042.0
-12042.0
-12042.0
-12050.0
-12054.0
-12058.0
-12072.0
-12072.0
-12076.0
-12078.0
-12078.0
-12080.0
-12086.0
-12090.0
-12108.0
-12110.0
-12128.0
-12134.0
-12138.0
-12144.0
-12144.0
-12144.0
-12150.0
-12186.0
-12186.0
-12186.0
-12194.0
-12198.0
-12200.0
-12206.0
-12206.0
-12208.0
-12212.0
-12212.0
-12212.0
-12212.0
-12212.0
-12220.0
-12222.0
-12228.0
-12228.0
-12230.0
-12232.0
-12244.0
-12244.0
-12244.0
-12248.0
-12250.0
-12250.0
-12254.0
