-14.0
-14.0
-14.0
-14.0
-14.0
-14.0
-14.0
-14.0
-14.0
-22.0
-22.0
-22.0
-32.0
-56.0
-56.0
-80.0
-80.0
-104.0
-104.0
-104.0
-104.0
-104.0
-104.0
-120.0
-136.0
-168.0
-168.0
-168.0
-168.0
-168.0
-178.0
-194.0
-194.0
-194.0
-212.0
-230.0
-244.0
-260.0
-278.0
-278.0
-294.0
-294.0
-294.0
-294.0
-310.0
-326.0
-326.0
-342.0
-342.0
-350.0
-366.0
-382.0
-382.0
-390.0
-390.0
-390.0
-390.0
-390.0
-406.0
-430.0
-430.0
-430.0
-438.0
-438.0
-444.0
-444.0
-452.0
-484.0
-500.0
-510.0
-510.0
-534.0
-550.0
-566.0
-566.0
-578.0
-578.0
-578.0
-578.0
-578.0
-578.0
-578.0
-594.0
-594.0
-594.0
-594.0
-594.0
-594.0
-600.0
-602.0
-602.0
-602.0
-634.0
-658.0
-658.0
-674.0
-674.0
-674.0
-674.0
-682.0
-682.0
-682.0
-690.0
-690.0
-696.0
-712.0
-714.0
-714.0
-722.0
-722.0
-752.0
-752.0
-752.0
-776.0
-788.0
-798.0
-798.0
-798.0
-798.0
-798.0
-798.0
-798.0
-810.0
-804.0
-804.0
-812.0
-812.0
-812.0
-812.0
-812.0
-812.0
-812.0
-812.0
-812.0
-824.0
-826.0
-826.0
-828.0
-828.0
-828.0
-828.0
-834.0
-844.0
-858.0
-858.0
-858.0
-862.0
-862.0
-870.0
-888.0
-906.0
-898.0
-898.0
-902.0
-914.0
-914.0
-914.0
-914.0
-914.0
-914.0
-914.0
-914.0
-916.0
-926.0
-922.0
-922.0
-938.0
-938.0
-938.0
-954.0
-954.0
-954.0
-964.0
-964.0
-964.0
-988.0
-1000.0
-1000.0
-1000.0
-1000.0
-1000.0
-1000.0
-1002.0
-1014.0
-1014.0
-1014.0
-1022.0
-1022.0
-1020.0
-1020.0
-1020.0
-1020.0
-1012.0
-1012.0
-1012.0
-1012.0
-1012.0
-1012.0
-1012.0
-1012.0
-1020.0
-1020.0
-1024.0
-1040.0
-1040.0
-1040.0
-1040.0
-1040.0
-1040.0
-1040.0
-1040.0
-1040.0
-1040.0
-1048.0
-1064.0
-1064.0
-1064.0
-1064.0
-1072.0
-1068.0
-1068.0
-1076.0
-1076.0
-1076.0
-1092.0
-1092.0
-1090.0
-1090.0
-1090.0
-1090.0
-1090.0
-1090.0
-1106.0
-1114.0
-1132.0
-1140.0
-1140.0
-1132.0
-1148.0
-1156.0
-1156.0
-1156.0
-1148.0
-1148.0
-1148.0
-1148.0
-1148.0
-1148.0
-1148.0
-1148.0
-1164.0
-1164.0
-1164.0
-1164.0
-1188.0
-1196.0
-1198.0
-1198.0
-1202.0
-1202.0
-1202.0
-1202.0
-1210.0
-1218.0
-1228.0
-1220.0
-1220.0
-1220.0
-1220.0
-1238.0
-1246.0
-1246.0
-1246.0
-1246.0
-1246.0
-1246.0
-1254.0
-1252.0
-1262.0
-1262.0
-1262.0
-1262.0
-1278.0
-1294.0
-1302.0
-1302.0
-1302.0
-1302.0
-1310.0
-1310.0
-1310.0
-1310.0
-1310.0
-1310.0
-1310.0
-1318.0
-1322.0
-1322.0
-1330.0
-1330.0
-1330.0
-1330.0
-1330.0
-1330.0
-1330.0
-1330.0
-1330.0
-1338.0
-1338.0
-1330.0
-1330.0
-1330.0
-1330.0
-1322.0
-1322.0
-1322.0
-1322.0
-1330.0
-1330.0
-1330.0
-1332.0
-1340.0
-1340.0
-1348.0
-1348.0
-1358.0
-1358.0
-1360.0
-1352.0
-1352.0
-1352.0
-1352.0
-1352.0
-1368.0
-1360.0
-1360.0
-1366.0
-1360.0
-1360.0
-1368.0
-1368.0
-1366.0
-1358.0
-1358.0
-1374.0
-1382.0
-1382.0
-1382.0
-1382.0
-1382.0
-1382.0
-1382.0
-1382.0
-1382.0
-1392.0
-1392.0
-1408.0
-1424.0
-1432.0
-1440.0
-1440.0
-1440.0
-1448.0
-1448.0
-1464.0
-1474.0
-1484.0
-1484.0
-1484.0
-1476.0
-1500.0
-1500.0
-1500.0
-1500.0
-1500.0
-1500.0
-1500.0
-1500.0
-1500.0
-1500.0
-1500.0
-1500.0
-1516.0
-1516.0
-1508.0
-1522.0
-1522.0
-1522.0
-1522.0
-1522.0
-1522.0
-1522.0
-1522.0
-1522.0
-1522.0
-1522.0
-1522.0
-1522.0
-1522.0
-1530.0
-1530.0
-1530.0
-1530.0
-1530.0
-1530.0
-1538.0
-1546.0
-1538.0
-1538.0
-1538.0
-1546.0
-1546.0
-1546.0
-1546.0
-1546.0
-1546.0
-1546.0
-1546.0
-1546.0
-1554.0
-1546.0
-1546.0
-1538.0
-1538.0
-1546.0
-1562.0
-1554.0
-1554.0
-1554.0
-1562.0
-1562.0
-1562.0
-1562.0
-1554.0
-1546.0
-1546.0
-1546.0
-1546.0
-1546.0
-1546.0
-1546.0
-1546.0
-1554.0
-1554.0
-1554.0
-1554.0
-1554.0
-1558.0
-1558.0
-1574.0
-1570.0
-1570.0
-1570.0
-1570.0
-1562.0
-1570.0
-1570.0
-1570.0
-1570.0
-1570.0
-1570.0
-1570.0
-1578.0
-1578.0
-1578.0
-1578.0
-1578.0
-1586.0
-1578.0
-1598.0
-1598.0
-1598.0
-1598.0
-1598.0
-1590.0
-1590.0
-1590.0
-1606.0
-1622.0
-1622.0
-1622.0
-1622.0
-1622.0
-1622.0
-1614.0
-1614.0
-1630.0
-1630.0
-1630.0
-1630.0
-1622.0
-1622.0
-1622.0
-1622.0
-1622.0
-1626.0
-1622.0
-1630.0
-1630.0
-1638.0
-1638.0
-1638.0
-1638.0
-1646.0
-1654.0
-1654.0
-1670.0
-1662.0
-1662.0
-1662.0
-1670.0
-1670.0
-1670.0
-1686.0
-1686.0
-1686.0
-1686.0
-1686.0
-1686.0
-1698.0
-1706.0
-1706.0
-1704.0
-1704.0
-1696.0
-1690.0
-1698.0
-1698.0
-1698.0
-1698.0
-1698.0
-1698.0
-1698.0
-1698.0
-1698.0
-1698.0
-1704.0
-1712.0
-1720.0
-1714.0
-1710.0
-1710.0
-1710.0
-1710.0
-1710.0
-1710.0
-1710.0
-1710.0
-1710.0
-1710.0
-1720.0
-1720.0
-1734.0
-1734.0
-1734.0
-1758.0
-1758.0
-1760.0
-1752.0
-1760.0
-1760.0
-1760.0
-1772.0
-1772.0
-1772.0
-1772.0
-1780.0
-1780.0
-1780.0
-1788.0
-1780.0
-1780.0
-1780.0
-1780.0
-1780.0
-1780.0
-1786.0
-1786.0
-1798.0
-1798.0
-1798.0
-1798.0
-1814.0
-1808.0
-1810.0
-1822.0
-1822.0
-1818.0
-1828.0
-1828.0
-1824.0
-1824.0
-1816.0
-1816.0
-1824.0
-1838.0
-1838.0
-1838.0
-1838.0
-1838.0
-1838.0
-1830.0
-1838.0
-1838.0
-1838.0
-1838.0
-1838.0
-1838.0
-1846.0
-1846.0
-1846.0
-1854.0
-1864.0
-1864.0
-1856.0
-1856.0
-1856.0
-1848.0
-1864.0
-1872.0
-1872.0
-1872.0
-1872.0
-1872.0
-1880.0
-1880.0
-1880.0
-1880.0
-1888.0
-1888.0
-1888.0
-1888.0
-1888.0
-1888.0
-1888.0
-1888.0
-1888.0
-1888.0
-1888.0
-1888.0
-1888.0
-1888.0
-1896.0
-1904.0
-1896.0
-1896.0
-1912.0
-1912.0
-1912.0
-1912.0
-1912.0
-1912.0
-1918.0
-1918.0
-1902.0
-1894.0
-1894.0
-1894.0
-1894.0
-1894.0
-1894.0
-1902.0
-1898.0
-1906.0
-1906.0
-1914.0
-1914.0
-1922.0
-1924.0
-1924.0
-1920.0
-1920.0
-1930.0
-1950.0
-1950.0
-1958.0
-1958.0
-1950.0
-1950.0
-1950.0
-1950.0
-1950.0
-1958.0
-1958.0
-1958.0
-1958.0
-1958.0
-1962.0
-1962.0
-1962.0
-1962.0
-1954.0
-1954.0
-1954.0
-1954.0
-1954.0
-1954.0
-1954.0
-1970.0
-1964.0
-1964.0
-1964.0
-1956.0
-1956.0
-1958.0
-1958.0
-1958.0
-1958.0
-1972.0
-1976.0
-1968.0
-1976.0
-1976.0
-1976.0
-1984.0
-1984.0
-1984.0
-1984.0
-1976.0
-1982.0
-1986.0
-1980.0
-1980.0
-1980.0
-1980.0
-1980.0
-1980.0
-1984.0
-1990.0
-1990.0
-1990.0
-1998.0
-1998.0
-1990.0
-1990.0
-2012.0
-2004.0
-2004.0
-2010.0
-2010.0
-2018.0
-2018.0
-2026.0
-2026.0
-2026.0
-2026.0
-2026.0
-2026.0
-2026.0
-2018.0
-2018.0
-2012.0
-2020.0
-2020.0
-2020.0
-2020.0
-2020.0
-2020.0
-2020.0
-2020.0
-2020.0
-2020.0
-2020.0
-2012.0
-2012.0
-2020.0
-2020.0
-2028.0
-2044.0
-2036.0
-2036.0
-2028.0
-2028.0
-2028.0
-2036.0
-2036.0
-2036.0
-2036.0
-2036.0
-2036.0
-2036.0
-2036.0
-2036.0
-2036.0
-2044.0
-2066.0
-2066.0
-2066.0
-2058.0
-2058.0
-2062.0
-2062.0
-2062.0
-2062.0
-2062.0
-2062.0
-2062.0
-2062.0
-2076.0
-2076.0
-2076.0
-2068.0
-2068.0
-2076.0
-2076.0
-2076.0
-2076.0
-2076.0
-2084.0
-2084.0
-2076.0
-2076.0
-2076.0
-2064.0
-2064.0
-2072.0
-2072.0
-2072.0
-2080.0
-2096.0
-2096.0
-2096.0
-2096.0
-2096.0
-2096.0
-2094.0
-2094.0
-2094.0
-2082.0
-2082.0
-2076.0
-2076.0
-2084.0
-2084.0
-2088.0
-2080.0
-2080.0
-2080.0
-2080.0
-2080.0
-2088.0
-2088.0
-2092.0
-2092.0
-2088.0
-2098.0
-2090.0
-2090.0
-2096.0
-2090.0
-2090.0
-2114.0
-2114.0
-2124.0
-2124.0
-2132.0
-2130.0
-2130.0
-2130.0
-2142.0
-2142.0
-2142.0
-2142.0
-2144.0
-2146.0
-2158.0
-2158.0
-2158.0
-2158.0
-2158.0
-2158.0
-2158.0
-2158.0
-2150.0
-2156.0
-2144.0
-2148.0
-2144.0
-2144.0
-2150.0
-2150.0
-2150.0
-2144.0
-2160.0
-2160.0
-2160.0
-2158.0
-2150.0
-2150.0
-2158.0
-2174.0
-2174.0
-2174.0
-2174.0
-2174.0
-2174.0
-2166.0
-2166.0
-2166.0
-2166.0
-2166.0
-2166.0
-2166.0
-2166.0
-2166.0
-2166.0
-2166.0
-2166.0
-2174.0
-2174.0
-2174.0
-2174.0
-2174.0
-2174.0
-2190.0
-2190.0
-2190.0
-2190.0
-2176.0
-2178.0
-2178.0
-2184.0
-2184.0
-2184.0
-2184.0
-2184.0
-2184.0
-2182.0
-2174.0
-2174.0
-2174.0
-2174.0
-2174.0
-2166.0
-2166.0
-2174.0
-2174.0
-2176.0
-2176.0
-2176.0
-2176.0
-2176.0
-2176.0
-2176.0
-2176.0
-2176.0
-2176.0
-2176.0
-2176.0
-2192.0
-2192.0
-2192.0
-2192.0
-2192.0
-2192.0
-2192.0
-2192.0
-2192.0
-2200.0
-2192.0
-2184.0
-2184.0
-2184.0
-2184.0
-2184.0
-2184.0
-2192.0
-2208.0
-2208.0
-2208.0
-2208.0
-2208.0
-2200.0
-2208.0
-2208.0
-2208.0
-2208.0
-2204.0
-2212.0
-2212.0
-2212.0
-2214.0
-2208.0
-2208.0
-2208.0
-2208.0
-2208.0
-2202.0
-2216.0
-2208.0
-2208.0
-2224.0
-2224.0
-2224.0
-2236.0
-2236.0
-2240.0
-2240.0
-2232.0
-2248.0
-2248.0
-2248.0
-2248.0
-2248.0
-2248.0
-2248.0
-2246.0
-2246.0
-2246.0
-2242.0
-2242.0
-2242.0
-2242.0
-2250.0
-2250.0
-2250.0
-2250.0
-2250.0
-2250.0
-2250.0
-2264.0
-2264.0
-2264.0
-2256.0
-2256.0
-2256.0
-2256.0
-2256.0
-2256.0
-2274.0
-2274.0
-2274.0
-2274.0
-2274.0
-2266.0
-2266.0
-2274.0
-2274.0
-2282.0
-2274.0
-2274.0
-2266.0
-2266.0
-2274.0
-2274.0
-2266.0
-2266.0
-2274.0
-2266.0
-2270.0
-2270.0
-2262.0
-2262.0
-2262.0
-2270.0
-2278.0
-2276.0
-2268.0
-2284.0
-2284.0
-2278.0
-2278.0
-2278.0
-2278.0
-2286.0
-2286.0
-2278.0
-2278.0
-2278.0
-2294.0
-2296.0
-2296.0
-2296.0
-2296.0
-2286.0
-2282.0
-2282.0
-2282.0
-2278.0
-2278.0
-2278.0
-2268.0
-2268.0
-2266.0
-2266.0
-2266.0
-2282.0
-2282.0
-2282.0
-2282.0
-2300.0
-2294.0
-2302.0
-2302.0
-2302.0
-2302.0
-2296.0
-2296.0
-2296.0
-2296.0
-2308.0
-2308.0
-2312.0
-2304.0
-2304.0
-2304.0
-2296.0
-2296.0
-2296.0
-2300.0
-2300.0
-2308.0
-2316.0
-2316.0
-2312.0
-2312.0
-2304.0
-2304.0
-2304.0
-2304.0
-2298.0
-2302.0
-2296.0
-2296.0
-2296.0
-2296.0
-2290.0
-2290.0
-2286.0
-2298.0
-2304.0
-2304.0
-2312.0
-2306.0
-2312.0
-2312.0
-2320.0
-2326.0
-2320.0
-2320.0
-2320.0
-2328.0
-2336.0
-2330.0
-2326.0
-2326.0
-2326.0
-2326.0
-2320.0
-2320.0
-2320.0
-2320.0
-2312.0
-2308.0
-2300.0
-2300.0
-2300.0
-2300.0
-2308.0
-2308.0
-2308.0
-2308.0
-2308.0
-2308.0
-2316.0
-2316.0
-2316.0
-2324.0
-2322.0
-2322.0
-2314.0
-2306.0
-2306.0
-2306.0
-2306.0
-2298.0
-2282.0
-2296.0
-2296.0
-2296.0
-2282.0
-2282.0
-2282.0
-2282.0
-2288.0
-2296.0
-2288.0
-2288.0
-2288.0
-2296.0
-2296.0
-2296.0
-2296.0
-2296.0
-2290.0
-2290.0
-2298.0
-2308.0
-2316.0
-2318.0
-2318.0
-2312.0
-2320.0
-2314.0
-2314.0
-2312.0
-2312.0
-2320.0
-2320.0
-2320.0
-2320.0
-2320.0
-2320.0
-2312.0
-2312.0
-2312.0
-2328.0
-2320.0
-2320.0
-2320.0
-2328.0
-2344.0
-2356.0
-2356.0
-2348.0
-2346.0
-2340.0
-2340.0
-2348.0
-2356.0
-2348.0
-2348.0
-2340.0
-2340.0
-2340.0
-2332.0
-2324.0
-2324.0
-2324.0
-2324.0
-2324.0
-2324.0
-2324.0
-2324.0
-2324.0
-2324.0
-2324.0
-2324.0
-2324.0
-2324.0
-2324.0
-2324.0
-2324.0
-2324.0
-2324.0
-2324.0
-2324.0
-2338.0
-2334.0
-2334.0
-2338.0
-2338.0
-2330.0
-2330.0
-2330.0
-2330.0
-2330.0
-2330.0
-2346.0
-2346.0
-2346.0
-2346.0
-2346.0
-2346.0
-2346.0
-2346.0
-2346.0
-2346.0
-2346.0
-2352.0
-2352.0
-2352.0
-2352.0
-2352.0
-2352.0
-2346.0
-2346.0
-2346.0
-2350.0
-2350.0
-2350.0
-2350.0
-2342.0
-2342.0
-2328.0
-2328.0
-2328.0
-2336.0
-2336.0
-2336.0
-2336.0
-2336.0
-2328.0
-2328.0
-2328.0
-2328.0
-2344.0
-2336.0
-2336.0
-2336.0
-2344.0
-2348.0
-2348.0
-2364.0
-2364.0
-2348.0
-2348.0
-2340.0
-2340.0
-2340.0
-2340.0
-2348.0
-2356.0
-2360.0
-2360.0
-2360.0
-2360.0
-2360.0
-2350.0
-2350.0
-2350.0
-2336.0
-2336.0
-2336.0
-2328.0
-2328.0
-2316.0
-2316.0
-2308.0
-2308.0
-2308.0
-2308.0
-2308.0
-2308.0
-2300.0
-2300.0
-2308.0
-2308.0
-2308.0
-2308.0
-2324.0
-2324.0
-2340.0
-2340.0
-2354.0
-2360.0
-2360.0
-2362.0
-2356.0
-2348.0
-2348.0
-2348.0
-2348.0
-2346.0
-2346.0
-2346.0
-2346.0
-2338.0
-2338.0
-2344.0
-2360.0
-2360.0
-2360.0
-2370.0
-2370.0
-2370.0
-2370.0
-2362.0
-2362.0
-2368.0
-2370.0
-2378.0
-2370.0
-2370.0
-2370.0
-2372.0
-2372.0
-2372.0
-2372.0
-2364.0
-2364.0
-2364.0
-2364.0
-2366.0
-2370.0
-2370.0
-2370.0
-2370.0
-2370.0
-2370.0
-2370.0
-2370.0
-2370.0
-2370.0
-2370.0
-2370.0
-2370.0
-2370.0
-2370.0
-2378.0
-2378.0
-2378.0
-2378.0
-2378.0
-2378.0
-2378.0
-2370.0
-2376.0
-2384.0
-2384.0
-2386.0
-2386.0
-2386.0
-2408.0
-2408.0
-2416.0
-2408.0
-2408.0
-2408.0
-2408.0
-2408.0
-2408.0
-2408.0
-2408.0
-2408.0
-2408.0
-2404.0
-2404.0
-2404.0
-2404.0
-2404.0
-2404.0
-2418.0
-2418.0
-2418.0
-2418.0
-2404.0
-2404.0
-2412.0
-2412.0
-2408.0
-2414.0
-2408.0
-2392.0
-2392.0
-2396.0
-2392.0
-2388.0
-2370.0
-2370.0
-2376.0
-2376.0
-2370.0
-2370.0
-2370.0
-2370.0
-2384.0
-2384.0
-2392.0
-2392.0
-2408.0
-2408.0
-2408.0
-2402.0
-2402.0
-2402.0
-2402.0
-2408.0
-2406.0
-2406.0
-2418.0
-2418.0
-2426.0
-2426.0
-2426.0
-2428.0
-2428.0
-2428.0
-2428.0
-2428.0
-2412.0
-2412.0
-2412.0
-2412.0
-2420.0
-2418.0
-2412.0
-2398.0
-2398.0
-2400.0
-2400.0
-2408.0
-2408.0
-2408.0
-2418.0
-2410.0
-2418.0
-2418.0
-2432.0
-2432.0
-2434.0
-2434.0
-2438.0
-2430.0
-2434.0
-2420.0
-2420.0
-2420.0
-2428.0
-2428.0
-2428.0
-2428.0
-2428.0
-2428.0
-2428.0
-2428.0
-2428.0
-2436.0
-2428.0
-2428.0
-2428.0
-2436.0
-2436.0
-2428.0
-2428.0
-2428.0
-2428.0
-2420.0
-2416.0
-2416.0
-2416.0
-2416.0
-2416.0
-2416.0
-2416.0
-2424.0
-2424.0
-2424.0
-2424.0
-2424.0
-2424.0
-2424.0
-2424.0
-2424.0
-2424.0
-2424.0
-2424.0
-2424.0
-2424.0
-2416.0
-2416.0
-2416.0
-2416.0
-2416.0
-2416.0
-2416.0
-2408.0
-2408.0
-2408.0
-2408.0
-2408.0
-2414.0
-2414.0
-2414.0
-2422.0
-2422.0
-2438.0
-2446.0
-2440.0
-2432.0
-2446.0
-2460.0
-2460.0
-2452.0
-2452.0
-2452.0
-2452.0
-2452.0
-2452.0
-2452.0
-2454.0
-2452.0
-2452.0
-2464.0
-2464.0
-2460.0
-2460.0
-2460.0
-2452.0
-2452.0
-2460.0
-2458.0
-2454.0
-2454.0
-2468.0
-2468.0
-2470.0
-2462.0
-2454.0
-2454.0
-2454.0
-2454.0
-2454.0
-2454.0
-2454.0
-2454.0
-2454.0
-2454.0
-2454.0
-2446.0
-2446.0
-2432.0
-2432.0
-2432.0
-2432.0
-2432.0
-2432.0
-2432.0
-2432.0
-2448.0
-2448.0
-2448.0
-2448.0
-2464.0
-2456.0
-2446.0
-2446.0
-2462.0
-2462.0
-2462.0
-2468.0
-2468.0
-2468.0
-2468.0
-2468.0
-2468.0
-2468.0
-2468.0
-2470.0
-2468.0
-2468.0
-2452.0
-2452.0
-2452.0
-2452.0
-2452.0
-2452.0
-2452.0
-2452.0
-2452.0
-2452.0
-2452.0
-2440.0
-2452.0
-2452.0
-2452.0
-2462.0
-2462.0
-2462.0
-2474.0
-2474.0
-2474.0
-2466.0
-2470.0
-2470.0
-2470.0
-2474.0
-2474.0
-2474.0
-2474.0
-2474.0
-2474.0
-2466.0
-2472.0
-2464.0
-2464.0
-2464.0
-2472.0
-2472.0
-2472.0
-2472.0
-2472.0
-2472.0
-2468.0
-2464.0
-2464.0
-2464.0
-2464.0
-2464.0
-2458.0
-2452.0
-2452.0
-2452.0
-2460.0
-2464.0
-2458.0
-2458.0
-2458.0
-2458.0
-2474.0
-2474.0
-2474.0
-2462.0
-2452.0
-2452.0
-2452.0
-2444.0
-2436.0
-2452.0
-2452.0
-2452.0
-2444.0
-2444.0
-2444.0
-2444.0
-2444.0
-2444.0
-2444.0
-2444.0
-2444.0
-2432.0
-2432.0
-2432.0
-2432.0
-2416.0
-2416.0
-2422.0
-2422.0
-2422.0
-2422.0
-2422.0
-2422.0
-2422.0
-2422.0
-2422.0
-2422.0
-2430.0
-2430.0
-2438.0
-2438.0
-2438.0
-2444.0
-2440.0
-2440.0
-2440.0
-2440.0
-2438.0
-2440.0
-2428.0
-2428.0
-2428.0
-2436.0
-2436.0
-2434.0
-2428.0
-2428.0
-2428.0
-2428.0
-2428.0
-2428.0
-2428.0
-2436.0
-2434.0
-2442.0
-2442.0
-2442.0
-2450.0
-2450.0
-2448.0
-2448.0
-2446.0
-2446.0
-2454.0
-2454.0
-2446.0
-2448.0
-2448.0
-2448.0
-2448.0
-2448.0
-2448.0
-2448.0
-2448.0
-2448.0
-2448.0
-2452.0
-2452.0
-2452.0
-2452.0
-2460.0
-2460.0
-2460.0
-2460.0
-2460.0
-2460.0
-2468.0
-2468.0
-2470.0
-2468.0
-2468.0
-2468.0
-2468.0
-2460.0
-2460.0
-2452.0
-2452.0
-2452.0
-2452.0
-2444.0
-2460.0
-2460.0
-2460.0
-2460.0
-2460.0
-2460.0
-2480.0
-2472.0
-2480.0
-2480.0
-2480.0
-2480.0
-2480.0
-2480.0
-2480.0
-2490.0
-2490.0
-2490.0
-2490.0
-2490.0
-2490.0
-2490.0
-2482.0
-2472.0
-2472.0
-2472.0
-2472.0
-2476.0
-2476.0
-2480.0
-2480.0
-2480.0
-2476.0
-2476.0
-2468.0
-2468.0
-2468.0
-2468.0
-2466.0
-2466.0
-2476.0
-2476.0
-2476.0
-2476.0
-2476.0
-2476.0
-2470.0
-2470.0
-2470.0
-2470.0
-2470.0
-2466.0
-2468.0
-2476.0
-2476.0
-2480.0
-2478.0
-2486.0
-2486.0
-2492.0
-2492.0
-2492.0
-2488.0
-2488.0
-2488.0
-2488.0
-2484.0
-2484.0
-2484.0
-2482.0
-2482.0
-2474.0
-2466.0
-2466.0
-2466.0
-2466.0
-2466.0
-2466.0
-2466.0
-2466.0
-2450.0
-2450.0
-2450.0
-2450.0
-2450.0
-2450.0
-2450.0
-2458.0
-2458.0
-2452.0
-2452.0
-2452.0
-2452.0
-2464.0
-2464.0
-2464.0
-2460.0
-2460.0
-2468.0
-2468.0
-2468.0
-2472.0
-2490.0
-2484.0
-2490.0
-2490.0
-2484.0
-2484.0
-2484.0
-2484.0
-2484.0
-2492.0
-2492.0
-2502.0
-2502.0
-2502.0
-2502.0
-2486.0
-2502.0
-2494.0
-2494.0
-2494.0
-2502.0
-2502.0
-2502.0
-2502.0
-2502.0
-2490.0
-2490.0
-2490.0
-2490.0
-2490.0
-2490.0
-2498.0
-2498.0
-2490.0
-2490.0
-2490.0
-2490.0
-2490.0
-2490.0
-2498.0
-2498.0
-2498.0
-2498.0
-2498.0
-2498.0
-2498.0
-2498.0
-2498.0
-2498.0
-2498.0
-2498.0
-2514.0
-2514.0
-2514.0
-2506.0
-2522.0
-2522.0
-2514.0
-2514.0
-2514.0
-2514.0
-2514.0
-2514.0
-2514.0
-2498.0
-2498.0
-2498.0
-2498.0
-2512.0
-2512.0
-2512.0
-2514.0
-2512.0
-2528.0
-2520.0
-2514.0
-2506.0
-2514.0
-2514.0
-2514.0
-2514.0
-2514.0
-2506.0
-2506.0
-2500.0
-2500.0
-2500.0
-2500.0
-2500.0
-2500.0
-2500.0
-2500.0
-2500.0
-2506.0
-2506.0
-2512.0
-2512.0
-2512.0
-2512.0
-2512.0
-2514.0
-2514.0
-2516.0
-2508.0
-2508.0
-2508.0
-2508.0
-2508.0
-2508.0
-2508.0
-2512.0
-2516.0
-2512.0
-2520.0
-2520.0
-2512.0
-2504.0
-2504.0
-2504.0
-2504.0
-2504.0
-2496.0
-2502.0
-2502.0
-2502.0
-2512.0
-2512.0
-2512.0
-2512.0
-2512.0
-2512.0
-2506.0
-2506.0
-2506.0
-2514.0
-2514.0
-2514.0
-2514.0
-2506.0
-2506.0
-2506.0
-2514.0
-2514.0
-2514.0
-2514.0
-2506.0
-2506.0
-2512.0
-2512.0
-2512.0
-2512.0
-2506.0
-2506.0
-2506.0
-2498.0
-2500.0
-2500.0
-2508.0
-2508.0
-2508.0
-2506.0
-2506.0
-2506.0
-2506.0
-2506.0
-2522.0
-2534.0
-2534.0
-2534.0
-2534.0
-2534.0
-2534.0
-2534.0
-2534.0
-2534.0
-2526.0
-2526.0
-2526.0
-2526.0
-2534.0
-2534.0
-2518.0
-2518.0
-2520.0
-2518.0
-2518.0
-2518.0
-2518.0
-2518.0
-2518.0
-2518.0
-2518.0
-2518.0
-2518.0
-2518.0
-2518.0
-2534.0
-2534.0
-2526.0
-2526.0
-2526.0
-2526.0
-2526.0
-2520.0
-2528.0
-2528.0
-2528.0
-2532.0
-2526.0
-2550.0
-2542.0
-2542.0
-2542.0
-2534.0
-2534.0
-2534.0
-2534.0
-2534.0
-2550.0
-2546.0
-2542.0
-2542.0
-2542.0
-2542.0
-2542.0
-2542.0
-2534.0
-2534.0
-2522.0
-2524.0
-2540.0
-2536.0
-2536.0
-2542.0
-2542.0
-2542.0
-2556.0
-2570.0
-2564.0
-2578.0
-2572.0
-2572.0
-2566.0
-2574.0
-2574.0
-2576.0
-2564.0
-2564.0
-2564.0
-2572.0
-2572.0
-2572.0
-2572.0
-2572.0
-2572.0
-2570.0
-2554.0
-2554.0
-2554.0
-2554.0
-2546.0
-2558.0
-2564.0
-2564.0
-2548.0
-2540.0
-2534.0
-2534.0
-2534.0
-2534.0
-2534.0
-2534.0
-2534.0
-2534.0
-2530.0
-2530.0
-2530.0
-2530.0
-2530.0
-2522.0
-2522.0
-2522.0
-2522.0
-2522.0
-2522.0
-2522.0
-2530.0
-2530.0
-2530.0
-2536.0
-2536.0
-2552.0
-2556.0
-2556.0
-2556.0
-2564.0
-2564.0
-2564.0
-2564.0
-2564.0
-2566.0
-2566.0
-2570.0
-2580.0
-2572.0
-2588.0
-2586.0
-2578.0
-2578.0
-2578.0
-2586.0
-2586.0
-2588.0
-2586.0
-2580.0
-2580.0
-2580.0
-2580.0
-2572.0
-2572.0
-2588.0
-2588.0
-2588.0
-2588.0
-2588.0
-2596.0
-2588.0
-2588.0
-2588.0
-2588.0
-2588.0
-2588.0
-2588.0
-2594.0
-2586.0
-2586.0
-2586.0
-2586.0
-2586.0
-2586.0
-2586.0
-2586.0
-2586.0
-2586.0
-2578.0
-2578.0
-2578.0
-2578.0
-2578.0
-2580.0
-2588.0
-2588.0
-2588.0
-2588.0
-2592.0
-2578.0
-2578.0
-2578.0
-2578.0
-2578.0
-2578.0
-2578.0
-2572.0
-2572.0
-2572.0
-2580.0
-2580.0
-2580.0
-2580.0
-2592.0
-2598.0
-2598.0
-2590.0
-2598.0
-2598.0
-2604.0
-2604.0
-2604.0
-2604.0
-2604.0
-2604.0
-2604.0
-2604.0
-2596.0
-2596.0
-2596.0
-2582.0
-2574.0
-2574.0
-2574.0
-2574.0
-2574.0
-2574.0
-2574.0
-2582.0
-2590.0
-2590.0
-2590.0
-2582.0
-2582.0
-2582.0
-2598.0
-2598.0
-2602.0
-2602.0
-2606.0
-2604.0
-2598.0
-2590.0
-2590.0
-2606.0
-2606.0
-2606.0
-2606.0
-2606.0
-2606.0
-2606.0
-2606.0
-2606.0
-2606.0
-2606.0
-2606.0
-2606.0
-2606.0
-2606.0
-2598.0
-2598.0
-2598.0
-2598.0
-2598.0
-2598.0
-2598.0
-2598.0
-2598.0
-2600.0
-2588.0
-2588.0
-2588.0
-2588.0
-2588.0
-2588.0
-2588.0
-2588.0
-2592.0
-2590.0
-2606.0
-2606.0
-2604.0
-2604.0
-2606.0
-2606.0
-2606.0
-2606.0
-2604.0
-2604.0
-2604.0
-2604.0
-2604.0
-2604.0
-2604.0
-2604.0
-2604.0
-2604.0
-2604.0
-2596.0
-2608.0
-2602.0
-2600.0
-2598.0
-2598.0
-2598.0
-2598.0
-2598.0
-2598.0
-2598.0
-2590.0
-2582.0
-2568.0
-2568.0
-2568.0
-2568.0
-2572.0
-2572.0
-2580.0
-2580.0
-2580.0
-2592.0
-2580.0
-2580.0
-2580.0
-2588.0
-2588.0
-2588.0
-2580.0
-2580.0
-2580.0
-2588.0
-2574.0
-2582.0
-2582.0
-2574.0
-2574.0
-2574.0
-2574.0
-2574.0
-2574.0
-2574.0
-2580.0
-2580.0
-2580.0
-2580.0
-2580.0
-2580.0
-2580.0
-2580.0
-2580.0
-2580.0
-2564.0
-2572.0
-2572.0
-2572.0
-2572.0
-2572.0
-2572.0
-2572.0
-2572.0
-2572.0
-2572.0
-2564.0
-2572.0
-2572.0
-2572.0
-2580.0
-2580.0
-2580.0
-2580.0
-2580.0
-2580.0
-2588.0
-2588.0
-2588.0
-2588.0
-2588.0
-2582.0
-2582.0
-2582.0
-2582.0
-2582.0
-2582.0
-2588.0
-2588.0
-2582.0
-2588.0
-2588.0
-2588.0
-2588.0
-2588.0
-2596.0
-2596.0
-2596.0
-2606.0
-2606.0
-2598.0
-2602.0
-2606.0
-2606.0
-2604.0
-2604.0
-2604.0
-2604.0
-2596.0
-2600.0
-2600.0
-2594.0
-2594.0
-2602.0
-2602.0
-2602.0
-2602.0
-2600.0
-2600.0
-2600.0
-2594.0
-2594.0
-2594.0
-2594.0
-2594.0
-2588.0
-2588.0
-2594.0
-2594.0
-2594.0
-2594.0
-2588.0
-2588.0
-2594.0
-2600.0
-2600.0
-2600.0
-2600.0
-2600.0
-2600.0
-2614.0
-2614.0
-2614.0
-2614.0
-2614.0
-2610.0
-2610.0
-2610.0
-2594.0
-2594.0
-2594.0
-2586.0
-2586.0
-2586.0
-2576.0
-2576.0
-2582.0
-2582.0
-2582.0
-2582.0
-2590.0
-2590.0
-2590.0
-2594.0
-2588.0
-2588.0
-2588.0
-2596.0
-2604.0
-2604.0
-2602.0
-2602.0
-2596.0
-2602.0
-2602.0
-2602.0
-2590.0
-2590.0
-2592.0
-2584.0
-2574.0
-2574.0
-2574.0
-2574.0
-2574.0
-2574.0
-2574.0
-2574.0
-2574.0
-2574.0
-2574.0
-2574.0
-2574.0
-2582.0
-2582.0
-2582.0
-2558.0
-2562.0
-2570.0
-2570.0
-2570.0
-2570.0
-2570.0
-2570.0
-2570.0
-2568.0
-2570.0
-2582.0
-2574.0
-2566.0
-2572.0
-2572.0
-2570.0
-2564.0
-2566.0
-2566.0
-2566.0
-2564.0
-2562.0
-2562.0
-2562.0
-2562.0
-2564.0
-2564.0
-2564.0
-2564.0
-2564.0
-2556.0
-2556.0
-2558.0
-2558.0
-2558.0
-2558.0
-2558.0
-2558.0
-2558.0
-2558.0
-2558.0
-2558.0
-2564.0
-2564.0
-2564.0
-2572.0
-2566.0
-2566.0
-2566.0
-2566.0
-2566.0
-2564.0
-2564.0
-2570.0
-2562.0
-2562.0
-2562.0
-2566.0
-2566.0
-2566.0
-2566.0
-2562.0
-2554.0
-2554.0
-2562.0
-2562.0
-2562.0
-2562.0
-2560.0
-2570.0
-2576.0
-2576.0
-2576.0
-2576.0
-2572.0
-2572.0
-2572.0
-2572.0
-2572.0
-2572.0
-2580.0
-2580.0
-2580.0
-2580.0
-2586.0
-2586.0
-2578.0
-2590.0
-2586.0
-2586.0
-2586.0
-2586.0
-2586.0
-2586.0
-2576.0
-2580.0
-2580.0
-2580.0
-2580.0
-2580.0
-2574.0
-2574.0
-2574.0
-2578.0
-2578.0
-2578.0
-2578.0
-2578.0
-2578.0
-2578.0
-2584.0
-2584.0
-2584.0
-2584.0
-2586.0
-2594.0
-2594.0
-2592.0
-2592.0
-2592.0
-2600.0
-2600.0
-2600.0
-2600.0
-2600.0
-2602.0
-2602.0
-2602.0
-2594.0
-2594.0
-2586.0
-2586.0
-2586.0
-2586.0
-2586.0
-2586.0
-2586.0
-2586.0
-2586.0
-2586.0
-2586.0
-2586.0
-2586.0
-2586.0
-2586.0
-2586.0
-2586.0
-2586.0
-2586.0
-2586.0
-2586.0
-2592.0
-2596.0
-2596.0
-2590.0
-2600.0
-2598.0
-2598.0
-2584.0
-2584.0
-2568.0
-2568.0
-2568.0
-2568.0
-2568.0
-2576.0
-2576.0
-2570.0
-2562.0
-2568.0
-2568.0
-2568.0
-2568.0
-2568.0
-2568.0
-2568.0
-2572.0
-2572.0
-2578.0
-2556.0
-2542.0
-2542.0
-2528.0
-2544.0
-2544.0
-2544.0
-2544.0
-2544.0
-2552.0
-2552.0
-2552.0
-2560.0
-2560.0
-2576.0
-2576.0
-2576.0
-2572.0
-2572.0
-2572.0
-2566.0
-2566.0
-2566.0
-2556.0
-2556.0
-2556.0
-2556.0
-2556.0
-2556.0
-2556.0
-2556.0
-2564.0
-2556.0
-2556.0
-2556.0
-2556.0
-2556.0
-2562.0
-2562.0
-2562.0
-2578.0
-2578.0
-2578.0
-2584.0
-2584.0
-2584.0
-2584.0
-2584.0
-2584.0
-2584.0
-2578.0
-2586.0
-2582.0
-2582.0
-2582.0
-2576.0
-2580.0
-2580.0
-2580.0
-2588.0
-2590.0
-2590.0
-2590.0
-2590.0
-2590.0
-2594.0
-2594.0
-2586.0
-2598.0
-2598.0
-2598.0
-2598.0
-2598.0
-2598.0
-2592.0
-2590.0
-2590.0
-2590.0
-2582.0
-2582.0
-2582.0
-2582.0
-2582.0
-2582.0
-2582.0
-2582.0
-2582.0
-2582.0
-2582.0
-2582.0
-2574.0
-2574.0
-2574.0
-2574.0
-2582.0
-2582.0
-2582.0
-2588.0
-2598.0
-2598.0
-2598.0
-2598.0
-2598.0
-2598.0
-2598.0
-2598.0
-2600.0
-2600.0
-2600.0
-2600.0
-2592.0
-2592.0
-2592.0
-2584.0
-2584.0
-2584.0
-2578.0
-2578.0
-2578.0
-2578.0
-2586.0
-2586.0
-2578.0
-2562.0
-2562.0
-2562.0
-2562.0
-2562.0
-2562.0
-2562.0
-2562.0
-2562.0
-2554.0
-2554.0
-2554.0
-2554.0
-2554.0
-2554.0
-2554.0
-2554.0
-2554.0
-2562.0
-2562.0
-2584.0
-2584.0
-2584.0
-2584.0
-2584.0
-2584.0
-2580.0
-2580.0
-2580.0
-2580.0
-2580.0
-2580.0
-2570.0
-2570.0
-2574.0
-2574.0
-2574.0
-2582.0
-2582.0
-2582.0
-2578.0
-2578.0
-2578.0
-2578.0
-2578.0
-2574.0
-2574.0
-2574.0
-2574.0
-2574.0
-2574.0
-2574.0
-2574.0
-2560.0
-2576.0
-2576.0
-2576.0
-2576.0
-2576.0
-2576.0
-2576.0
-2580.0
-2586.0
-2586.0
-2586.0
-2586.0
-2586.0
-2586.0
-2602.0
-2602.0
-2602.0
-2588.0
-2588.0
-2588.0
-2588.0
-2588.0
-2584.0
-2584.0
-2584.0
-2584.0
-2578.0
-2578.0
-2578.0
-2578.0
-2578.0
-2578.0
-2578.0
-2578.0
-2578.0
-2570.0
-2570.0
-2570.0
-2570.0
-2570.0
-2570.0
-2570.0
-2570.0
-2570.0
-2570.0
-2570.0
-2562.0
-2562.0
-2562.0
-2562.0
-2562.0
-2562.0
-2562.0
-2562.0
-2562.0
-2562.0
-2562.0
-2562.0
-2562.0
-2562.0
-2562.0
-2562.0
-2562.0
-2562.0
-2562.0
-2562.0
-2570.0
-2582.0
-2592.0
-2592.0
-2592.0
-2600.0
-2588.0
-2588.0
-2596.0
-2596.0
-2596.0
-2596.0
-2596.0
-2596.0
-2602.0
-2602.0
-2602.0
-2602.0
-2602.0
-2602.0
-2594.0
-2588.0
-2588.0
-2588.0
-2588.0
-2588.0
-2588.0
-2596.0
-2596.0
-2596.0
-2596.0
-2604.0
-2596.0
-2596.0
-2596.0
-2596.0
-2596.0
-2588.0
-2602.0
-2602.0
-2602.0
-2594.0
-2602.0
-2602.0
-2604.0
-2602.0
-2602.0
-2594.0
-2594.0
-2594.0
-2598.0
-2598.0
-2598.0
-2594.0
-2594.0
-2594.0
-2594.0
-2600.0
-2600.0
-2608.0
-2602.0
-2610.0
-2610.0
-2610.0
-2610.0
-2602.0
-2594.0
-2592.0
-2588.0
-2588.0
-2596.0
-2596.0
-2596.0
-2596.0
-2596.0
-2596.0
-2596.0
-2596.0
-2596.0
-2602.0
-2614.0
-2614.0
-2614.0
-2614.0
-2614.0
-2610.0
-2610.0
-2602.0
-2602.0
-2602.0
-2602.0
-2610.0
-2610.0
-2614.0
-2614.0
-2614.0
-2614.0
-2614.0
-2614.0
-2614.0
-2610.0
-2606.0
-2606.0
-2614.0
-2620.0
-2620.0
-2620.0
-2612.0
-2612.0
-2612.0
-2612.0
-2612.0
-2612.0
-2612.0
-2612.0
-2612.0
-2612.0
-2620.0
-2612.0
-2604.0
-2608.0
-2608.0
-2616.0
-2620.0
-2612.0
-2612.0
-2612.0
-2612.0
-2612.0
-2620.0
-2612.0
-2606.0
-2606.0
-2606.0
-2606.0
-2606.0
-2606.0
-2614.0
-2614.0
-2614.0
-2606.0
-2606.0
-2606.0
-2606.0
-2612.0
-2612.0
-2612.0
-2612.0
-2612.0
-2612.0
-2612.0
-2612.0
-2614.0
-2614.0
-2606.0
-2620.0
-2620.0
-2620.0
-2620.0
-2626.0
-2626.0
-2626.0
-2618.0
-2618.0
-2610.0
-2610.0
-2610.0
-2610.0
-2604.0
-2604.0
-2590.0
-2596.0
-2596.0
-2596.0
-2590.0
-2598.0
-2598.0
-2598.0
-2598.0
-2598.0
-2598.0
-2598.0
-2598.0
-2598.0
-2598.0
-2598.0
-2606.0
-2604.0
-2604.0
-2604.0
-2604.0
-2604.0
-2604.0
-2604.0
-2620.0
-2620.0
-2604.0
-2604.0
-2604.0
-2604.0
-2610.0
-2610.0
-2610.0
-2610.0
-2610.0
-2604.0
-2594.0
-2610.0
-2610.0
-2614.0
-2614.0
-2618.0
-2618.0
-2614.0
-2614.0
-2614.0
-2622.0
-2622.0
-2622.0
-2622.0
-2622.0
-2622.0
-2606.0
-2606.0
-2610.0
-2610.0
-2610.0
-2610.0
-2610.0
-2626.0
-2626.0
-2626.0
-2626.0
-2622.0
-2622.0
-2622.0
-2630.0
-2626.0
-2626.0
-2632.0
-2628.0
-2624.0
-2624.0
-2624.0
-2624.0
-2624.0
-2624.0
-2624.0
-2624.0
-2616.0
-2608.0
-2608.0
-2608.0
-2608.0
-2618.0
-2616.0
-2604.0
-2616.0
-2612.0
-2612.0
-2612.0
-2612.0
-2612.0
-2612.0
-2612.0
-2628.0
-2634.0
-2634.0
-2642.0
-2644.0
-2632.0
-2632.0
-2640.0
-2632.0
-2632.0
-2624.0
-2624.0
-2624.0
-2624.0
-2624.0
-2624.0
-2624.0
-2624.0
-2624.0
-2632.0
-2632.0
-2632.0
-2624.0
-2624.0
-2624.0
-2632.0
-2632.0
-2632.0
-2624.0
-2616.0
-2624.0
-2624.0
-2624.0
-2624.0
-2610.0
-2612.0
-2612.0
-2604.0
-2604.0
-2604.0
-2604.0
-2604.0
-2604.0
-2604.0
-2604.0
-2604.0
-2604.0
-2604.0
-2604.0
-2590.0
-2592.0
-2592.0
-2592.0
-2584.0
-2584.0
-2584.0
-2584.0
-2584.0
-2588.0
-2598.0
-2592.0
-2592.0
-2598.0
-2598.0
-2598.0
-2598.0
-2592.0
-2600.0
-2596.0
-2608.0
-2608.0
-2624.0
-2630.0
-2630.0
-2630.0
-2630.0
-2626.0
-2626.0
-2634.0
-2634.0
-2634.0
-2634.0
-2628.0
-2636.0
-2628.0
-2628.0
-2628.0
-2620.0
-2620.0
-2620.0
-2612.0
-2612.0
-2612.0
-2612.0
-2612.0
-2620.0
-2620.0
-2620.0
-2620.0
-2620.0
-2628.0
-2628.0
-2628.0
-2630.0
-2632.0
-2630.0
-2622.0
-2622.0
-2614.0
-2600.0
-2600.0
-2608.0
-2610.0
-2610.0
-2610.0
-2610.0
-2608.0
-2608.0
-2608.0
-2608.0
-2608.0
-2608.0
-2608.0
-2608.0
-2612.0
-2608.0
-2608.0
-2608.0
-2610.0
-2610.0
-2606.0
-2606.0
-2622.0
-2622.0
-2622.0
-2622.0
-2636.0
-2636.0
-2636.0
-2636.0
-2636.0
-2636.0
-2654.0
-2654.0
-2646.0
-2646.0
-2654.0
-2654.0
-2648.0
-2648.0
-2648.0
-2648.0
-2648.0
-2648.0
-2648.0
-2648.0
-2648.0
-2648.0
-2648.0
-2642.0
-2642.0
-2642.0
-2650.0
-2650.0
-2650.0
-2650.0
-2650.0
-2650.0
-2650.0
-2652.0
-2652.0
-2660.0
-2660.0
-2660.0
-2652.0
-2644.0
-2644.0
-2644.0
-2644.0
-2644.0
-2646.0
-2644.0
-2644.0
-2644.0
-2644.0
-2644.0
-2644.0
-2644.0
-2644.0
-2644.0
-2652.0
-2652.0
-2652.0
-2652.0
-2656.0
-2656.0
-2652.0
-2652.0
-2652.0
-2652.0
-2652.0
-2652.0
-2652.0
-2660.0
-2660.0
-2660.0
-2660.0
-2660.0
-2660.0
-2660.0
-2660.0
-2660.0
-2652.0
-2674.0
-2674.0
-2662.0
-2662.0
-2662.0
-2662.0
-2662.0
-2662.0
-2662.0
-2662.0
-2670.0
-2674.0
-2674.0
-2672.0
-2668.0
-2664.0
-2664.0
-2664.0
-2658.0
-2658.0
-2658.0
-2658.0
-2658.0
-2658.0
-2654.0
-2654.0
-2654.0
-2654.0
-2670.0
-2670.0
-2654.0
-2654.0
-2646.0
-2646.0
-2660.0
-2660.0
-2660.0
-2660.0
-2654.0
-2660.0
-2660.0
-2660.0
-2668.0
-2668.0
-2668.0
-2668.0
-2668.0
-2680.0
-2686.0
-2678.0
-2678.0
-2678.0
-2684.0
-2684.0
-2684.0
-2684.0
-2684.0
-2684.0
-2684.0
-2684.0
-2684.0
-2684.0
-2670.0
-2670.0
-2670.0
-2662.0
-2662.0
-2670.0
-2670.0
-2672.0
-2672.0
-2672.0
-2672.0
-2672.0
-2666.0
-2666.0
-2666.0
-2666.0
-2666.0
-2666.0
-2666.0
-2666.0
-2664.0
-2664.0
-2664.0
-2664.0
-2664.0
-2664.0
-2664.0
-2664.0
-2664.0
-2664.0
-2664.0
-2664.0
-2664.0
-2666.0
-2666.0
-2666.0
-2666.0
-2666.0
-2666.0
-2674.0
-2690.0
-2690.0
-2696.0
-2698.0
-2698.0
-2698.0
-2698.0
-2698.0
-2698.0
-2698.0
-2714.0
-2722.0
-2722.0
-2722.0
-2722.0
-2722.0
-2722.0
-2722.0
-2722.0
-2714.0
-2714.0
-2714.0
-2708.0
-2708.0
-2708.0
-2708.0
-2692.0
-2692.0
-2692.0
-2692.0
-2692.0
-2692.0
-2698.0
-2706.0
-2706.0
-2706.0
-2706.0
-2706.0
-2714.0
-2714.0
-2708.0
-2708.0
-2708.0
-2684.0
-2676.0
-2676.0
-2676.0
-2682.0
-2682.0
-2682.0
-2682.0
-2682.0
-2698.0
-2698.0
-2698.0
-2698.0
-2698.0
-2692.0
-2690.0
-2690.0
-2690.0
-2700.0
-2704.0
-2704.0
-2698.0
-2686.0
-2686.0
-2692.0
-2692.0
-2692.0
-2692.0
-2692.0
-2692.0
-2692.0
-2678.0
-2678.0
-2678.0
-2664.0
-2664.0
-2664.0
-2664.0
-2664.0
-2666.0
-2666.0
-2652.0
-2640.0
-2640.0
-2640.0
-2640.0
-2642.0
-2650.0
-2654.0
-2654.0
-2654.0
-2648.0
-2648.0
-2648.0
-2648.0
-2648.0
-2648.0
-2650.0
-2658.0
-2658.0
-2658.0
-2658.0
-2650.0
-2650.0
-2650.0
-2650.0
-2656.0
-2656.0
-2664.0
-2658.0
-2658.0
-2642.0
-2658.0
-2658.0
-2658.0
-2658.0
-2650.0
-2642.0
-2642.0
-2642.0
-2642.0
-2634.0
-2626.0
-2626.0
-2626.0
-2626.0
-2626.0
-2626.0
-2626.0
-2626.0
-2626.0
-2626.0
-2634.0
-2634.0
-2634.0
-2634.0
-2634.0
-2634.0
-2634.0
-2636.0
-2636.0
-2636.0
-2640.0
-2640.0
-2640.0
-2640.0
-2632.0
-2632.0
-2632.0
-2632.0
-2632.0
-2632.0
-2632.0
-2640.0
-2640.0
-2632.0
-2632.0
-2632.0
-2632.0
-2632.0
-2640.0
-2648.0
-2640.0
-2640.0
-2640.0
-2640.0
-2640.0
-2640.0
-2638.0
-2646.0
-2646.0
-2646.0
-2646.0
-2646.0
-2646.0
-2646.0
-2646.0
-2646.0
-2646.0
-2650.0
-2658.0
-2658.0
-2658.0
-2658.0
-2658.0
-2662.0
-2662.0
-2662.0
-2662.0
-2664.0
-2668.0
-2666.0
-2666.0
-2666.0
-2666.0
-2666.0
-2664.0
-2664.0
-2664.0
-2656.0
-2656.0
-2656.0
-2656.0
-2652.0
-2652.0
-2652.0
-2652.0
-2652.0
-2662.0
-2662.0
-2662.0
-2662.0
-2662.0
-2670.0
-2670.0
-2670.0
-2670.0
-2670.0
-2670.0
-2686.0
-2694.0
-2694.0
-2694.0
-2694.0
-2698.0
-2706.0
-2702.0
-2702.0
-2702.0
-2702.0
-2702.0
-2694.0
-2684.0
-2684.0
-2684.0
-2690.0
-2690.0
-2690.0
-2682.0
-2682.0
-2682.0
-2690.0
-2696.0
-2696.0
-2696.0
-2696.0
-2696.0
-2696.0
-2696.0
-2696.0
-2704.0
-2704.0
-2704.0
-2698.0
-2698.0
-2698.0
-2698.0
-2696.0
-2688.0
-2688.0
-2694.0
-2694.0
-2694.0
-2694.0
-2676.0
-2676.0
-2692.0
-2692.0
-2686.0
-2686.0
-2686.0
-2686.0
-2702.0
-2702.0
-2686.0
-2686.0
-2686.0
-2686.0
-2686.0
-2686.0
-2686.0
-2686.0
-2686.0
-2686.0
-2686.0
-2686.0
-2702.0
-2694.0
-2694.0
-2702.0
-2702.0
-2702.0
-2702.0
-2702.0
-2696.0
-2696.0
-2696.0
-2696.0
-2696.0
-2696.0
-2696.0
-2696.0
-2688.0
-2688.0
-2694.0
-2694.0
-2682.0
-2682.0
-2682.0
-2682.0
-2692.0
-2692.0
-2692.0
-2684.0
-2692.0
-2692.0
-2692.0
-2692.0
-2692.0
-2690.0
-2690.0
-2690.0
-2690.0
-2690.0
-2672.0
-2672.0
-2672.0
-2672.0
-2672.0
-2672.0
-2672.0
-2672.0
-2672.0
-2672.0
-2672.0
-2672.0
-2672.0
-2672.0
-2672.0
-2672.0
-2672.0
-2672.0
-2672.0
-2672.0
-2672.0
-2672.0
-2682.0
-2682.0
-2698.0
-2706.0
-2706.0
-2706.0
-2706.0
-2706.0
-2706.0
-2706.0
-2706.0
-2706.0
-2706.0
-2706.0
-2704.0
-2704.0
-2704.0
-2704.0
-2704.0
-2704.0
-2698.0
-2698.0
-2702.0
-2702.0
-2702.0
-2710.0
-2704.0
-2704.0
-2704.0
-2704.0
-2704.0
-2700.0
-2684.0
-2684.0
-2684.0
-2684.0
-2684.0
-2684.0
-2676.0
-2676.0
-2676.0
-2676.0
-2676.0
-2676.0
-2676.0
-2676.0
-2660.0
-2660.0
-2650.0
-2650.0
-2650.0
-2658.0
-2658.0
-2658.0
-2658.0
-2658.0
-2666.0
-2666.0
-2674.0
-2668.0
-2668.0
-2668.0
-2668.0
-2668.0
-2672.0
-2672.0
-2680.0
-2680.0
-2680.0
