-1814.0
-3248.0
-4058.0
-4728.0
-5290.0
-5798.0
-6286.0
-6678.0
-7026.0
-7346.0
-7666.0
-7930.0
-8222.0
-8502.0
-8762.0
-8986.0
-9182.0
-9288.0
-9428.0
-9594.0
-9680.0
-9852.0
-9986.0
-10118.0
-10256.0
-10338.0
-10460.0
-10546.0
-10608.0
-10652.0
-10688.0
-10694.0
-10728.0
-10752.0
-10770.0
-10874.0
-10894.0
-10916.0
-10938.0
-10994.0
-11110.0
-11138.0
-11180.0
-11230.0
-11260.0
-11282.0
-11288.0
-11314.0
-11314.0
-11314.0
-11356.0
-11356.0
-11392.0
-11398.0
-11416.0
-11442.0
-11442.0
-11442.0
-11454.0
-11470.0
-11504.0
-11534.0
-11574.0
-11616.0
-11616.0
-11616.0
-11616.0
-11616.0
-11628.0
-11628.0
-11628.0
-11650.0
-11650.0
-11656.0
-11670.0
-11670.0
-11712.0
-11726.0
-11726.0
-11726.0
-11768.0
-11768.0
-11768.0
-11804.0
-11822.0
-11822.0
-11822.0
-11822.0
-11846.0
-11846.0
-11846.0
-11846.0
-11846.0
-11846.0
-11856.0
-11856.0
-11886.0
-11898.0
-11898.0
-11904.0
-11904.0
-11940.0
-11970.0
-11970.0
-11970.0
-11978.0
-11980.0
-11980.0
-11980.0
-11998.0
-12008.0
-12008.0
-12008.0
-12008.0
-12020.0
-12104.0
-12104.0
-12104.0
-12104.0
-12104.0
-12122.0
-12136.0
-12146.0
-12152.0
-12152.0
-12152.0
-12152.0
-12154.0
-12154.0
-12154.0
-12156.0
-12174.0
-12174.0
-12174.0
-12184.0
-12198.0
-12198.0
-12198.0
-12198.0
-12198.0
-12198.0
-12198.0
-12198.0
-12198.0
-12204.0
-12214.0
-12222.0
-12222.0
-12222.0
-12222.0
-12256.0
-12274.0
-12288.0
-12332.0
-12332.0
-12356.0
-12374.0
-12374.0
-12374.0
-12374.0
-12374.0
-12376.0
-12386.0
-12402.0
-12402.0
-12402.0
-12402.0
-12402.0
-12402.0
-12402.0
-12404.0
-12404.0
-12416.0
-12416.0
-12416.0
-12416.0
-12416.0
-12416.0
-12416.0
-12416.0
-12416.0
-12416.0
-12416.0
-12416.0
-12416.0
-12416.0
-12416.0
-12416.0
-12416.0
-12416.0
-12416.0
-12416.0
-12416.0
-12416.0
-12416.0
-12416.0
-12456.0
-12456.0
-12456.0
